CTAAGTCAGG;351,21,71
TCATGCGAAA;167
CTCTCGGCTG;0,165,235,307
TCACGGGTGT;127,186,330,60,404,138,462
GGCTAGACTA;24,9,169
CTGGCGATGG;95,488,292,463,108,18,128,218,287,35,43
TGCGCCAAAG;451,447
TGCTAGTAGG;30,487,425,486
ATCCACGCAA;284,99
GATTCAACAC;459
GGTACCTGCG;50,83,265,115,338,349,87
TGAAACTATA;135,490,432,364
AACGTGGTCC;113,321,348,40
GGCGAGAGTG;299,497,127,394
TCCAGCGCAA;400,317,124,114
CGGCCGGTAG;359,320,455,264,452,280,5,351,117,203
TCTTGAGGTT;203,298,393,332,13,275,182,303,148
AACTTCCGTG;241,135
ACCCGGAGAA;392,284
AGTCTTCTTT;131,301,52,476,244,328,330,141,326,436,179,135,159,65,124,321,363,131,111,52,492,72,270,184,94,156,247
GGGGACTGTT;194,62,348,96
GCCCCGCTGT;413,55,429,439,420,420,325
TTAAACTCTT;319,446,88,309
CTGACTAAGA;33,26,481,471,354,210
ATTCTAAGAG;487,12
ACGAGATCAC;283,97,59
CATTTCAAAT;496,397
GGGGAGACGC;473
CGTTAGGGCT;497,357,386
TAGGCCAGTA;263,481,77,211,203,432,115,211,465,273,316,36,16,128,68,181
GGGACCGATA;286,352
TGATTCCATA;180
CTTTAACTAT;306,339,482
GGGATCTCCC;70
TCAACCGGCG;400,466,304,104
GAGGTCATTA;169,287
AGAAGCACGC;140
GGCTCACCGA;215,85
TCAACCGGTA;425,107,270
CATTACGGGG;267,371,499,413
CTTACATAAT;173,237,226,138,150,76,130,409,160,398,367,331,205,484,386,259,318,238,358
ATTACTTTAT;320,145,144,399,390,42,151,35,298,253,256,137,125,43,340,317,433,20
CGATGACAGT;82,414
CGTTGTTAGG;377
AAAGTAGTGT;394,120,291,240,73,317,296,213,438,218
ATTTGCGACT;372,235,12
CACTGGGTCT;269
TAAATGGGTC;72,363,120,250,15,141,217,367
CATTGTCCAC;179,228
GGCTTGCTAA;324,78,235
GTTCGGCGCA;184,371,155,97,108,439,362,183,174,358,206,286,28
ACCGAAGTGC;184,360,178
CTGCGATGAC;382,211,466,262,154,162
CTTCGAATGG;153,45,370,462,265,244
GGGAGAGTGT;140,348
CACCAGGGCC;236
TAGGCCAACC;401,475,330,111,464,106,207,256
TCTCTACAAG;92,360,58,385,340,402
ACATTGATCT;136,153,264,342,337
AGAGACACGC;3,231
CCTCTTATTC;40,251
AGCAGAATGT;461,403,402,314,259,272,14,146,106,355,496,256,180,60,202,47
GGTCCGTAAG;240,116,318,77
GCCTTGGTAT;424,310,25,470,371,190,91,442,41
AGTTCGATTA;10
TTCCGGGTCA;207
ATCGCCAATT;16
TGGCCGGTAA;256
GAATCCCCCA;226,314,333,396,227,198
CAGGAAGAGC;276,207,47
ACACTTAACA;113,421,16,240,459,212,181,287,464
CCGTTTGAGG;229,490
TCTAGTGTTT;164,29,119,85,316,20
TAGTCAGACG;270
CGTCCACATT;241,231
AAAACAAGGC;107,127,189,244,302,220,431,11,393,344,252,270,183,49,60
CCGTAACTCA;179,463,292,372
GTCCTACGCG;474,268,52,488
CTGAAGAAAT;111,175
TCTAGCCTCA;258,144,163,8,209,98,233
TTGATTTTGC;492,134
CACTCCCGTT;253,18,394,472,334,102,333,116
CGACGGAACT;21,140,235,121,307,121,188,273
ATGATATAAA;288,132,53,184,208,445,16,102,355,354,264,243,184,148
GAGCCTTTCG;5,318,276,305,491,6
GCTCCCTTCG;228,127,163,408,69
TAGACTTAAT;141,111,279
GTTTTATACG;482,372
AGATTTGAAA;255,69,104
GACCCTCAAA;408,29,204,260,396,257,181,207,3,255,212,430
CTACGGATCG;400,392,364,404,64,1,350,181,321
CTTCCACATG;227
TACTTTTAAC;87,370,149,192,495,428
CCTTTTCCCC;163
GGGCATTCGC;432,285,17,332
GGTTGCATTC;97
TGCCGGGGCG;74,470
TCGGCACGAC;217
GCGTAAGCCA;379,109,461
TCCGTACTAA;415,218,336,26,431,450,78,76,34,59,1
ACCGCTCCGT;66,473,224
GGGTTGGAGG;119,166,441,19,99,12,47,308,165,471,268,205,112,25,305,418,421,164,346,185,293,75,482,401,71,19,437
CGGCTTGCGG;472
ATGCCCGAGC;9,146,482,148,364,222,379,383,128,357,264,89,185,304
GTGAATTAGC;453,191,472,455,299,320
CTAGACTCTA;264,19,184,497,108,39,124
GACACCTGCA;126,104,321,294
CCGATCCTAC;409,226,167,360,360,47,248
AAACACCTAG;187
GTTTCGTCGG;299,104,132,182,293,201,3,267
CAGTGTCCGT;283,255,368,452,325,308,430,433,56,78,369,99,112,305,85,102
GACACGGAAA;318
GAGAGAACGG;4,228,127,223,183,328,142,375,281,175
ATACTGCAAT;397,130,59,431,426,214,296,436,470,311
GCAAATGGCG;479,493,227,125,160,27,301,227,34,349,101,192,274,368,191,247,49,337,397,299,351,340
TTTTGGTGAT;90,144
TAAGGTAAAT;486,271,207,437,319,137,300,127,13,189,151,254
CGCACTAGAC;76
GATTAAGCAG;304,328
CTGGCGACAG;293,403
AGAGACCTCC;386,77,175
TCCGGCCTAA;435,211,481,363,322,408,94,455,316,249,207,465,387,66,24,128,416,213,202,64,316,343
TCAGCGCACA;166,130,253,482,105
AGAGTAAGAG;323,384,98,467,333,428,236,56,90,495,24
GCAGTAAAGT;343,193
CCGGATACAT;68
CAGGTAGACA;10,72,327,318
GTCGATTTAG;474,462,353,241
CTCTAATACA;444,250,470,394,414,199,47,433,407,17,311
ATGAATAAGC;494,420,379,195,138,120,207,337,202,398,256,114,102,141
GGTCTGAAGT;252,192,344
CGGACGAATG;346,417
GTTGGCGGAT;413
GCAAACTCAG;63
GAGGCCAATT;315,403,5,70
CCTCAATAAT;256,301,493,474,136,192,1
AAAGAGCTGC;170,351,387,388,477,40,233
ATTCCATCAC;477,121,306,403,489,190,82,387
ATCCTTCCGT;12
GGGGAGTGCC;204,120
AAGTTAATGA;153,125
GCCTAGTAAT;368,9,113,349
CCACCTCAGG;345,330,370,228
TTGTGATTTG;157,364,484,441
GGGACCCTCA;476,481,161,55,436,4,436,372,212
ACCTCTGACT;390,340,450,352
GGCCACACCA;126,420,248,448
TGATCCGGTC;253,49,198,125,142,434,118,261
CCAAACGAGG;319,496
TCCCGGCGCC;173
TTCGCGGTTT;108,132,342,293,214,276,486,98
GCTGAGTACG;167,96,471,171,192
CGGGCGGACG;284,290,414,194
TCCCGCGCAG;460,2,125,95,437,64
CTGCTTGGTT;415,357,324,10,137,271,4,46,66,72,169
TTCCTAACAT;41,46
TAGCCAATTA;99,487,67
AAAATATCGC;161,356,126,452,418,268
GCTAACGCAT;287,147,379
GAGAAGAGCA;165
CTAGCGTCAA;411,198,136,178,388,284,499,461,234,411,343,339,489,135,462,93,375,149
GCTTCAACTG;493,474,337,131,73,91,101,320,281,108
TACGCTGGCA;324,262,184,276
CTGAGCATAC;154,53,122,262
TGGGTTCCGC;203,273,123,406,113,450,355,27,351
AGTACGACAG;318,132,421,39,347,457,99,366
ACACCGACAC;225
AAACGGGTTG;196,312
GGCGGAGACG;66,361,443
GATAGCACGC;195,24,188,137
TGATACGACG;415,432,160,150,465,454,434,101,33
GAATGTCGGG;97,165
CATAAATTTG;494
CTATGACATA;77,424,339,301,186,109,35,384,2,443,263,40,256,379,231,203,454,190,6,3,87,142
CCCCTCATGC;10,226,388,47
CCTCGCACGC;188,379
CCCTGATTTT;199,158,176,250,148,67,389
TGACGCTAAG;146
GATAGATACC;260
CGTGCCCAGA;178
GCCGTGAGGT;256,200,342,124,478,21,427,106,233,14,398,160,415,382,334,68,494,34,148,75,303,272,80
GGTTATCAGT;70,122,137,177,133,196
CAACACACCA;346
ACTACCAGTA;138,307,316,377,31,152,252,442,208,3,444,147,170
GCGCAACAGT;300,320,196,223,351,94,429,137,284,194,463,265,450,105,127,294,17,325,453,182,415,237,134,181
CTCGTTAGCA;411,41,485,342,43,135,474,437,80
CCTTCCGGCG;36,11,16
TCGGTAGCCG;267,229,101,154,168,338,107,401,311
GTCGAATGGT;7,269,387,457
CCTATCGAGT;413
GGCCTCACAA;212,138,47,365,320,447,358,155
AAGATCTTTA;327,220,4,205,197,23,211,112,251,138,316,53,264,97,331,140
ACTCTTCTAT;187
ATGGTCGTTT;352,31,172,111,255,488,323,346
GTCACAATCC;192
GACTGGAAGC;418,411,370,273,131
TCTAGAGAGC;239,16,126,294
TTACTGTAAT;246,56,475,350,209,381,457,461,285,322
CCTTGCGACC;80,223,84,108,317,402,219,301
ACTACGCAGC;87,166,499,297
CACTATGACA;215,346,143,226
CCACAATGGT;280,287,134,161,107,143
GTACAGACGG;188
CACAATCGTT;386,144,470
ACATTATGCG;113,282,138
GACCGTGTCC;76,143
CCCCGCGATC;113,214,468,255
CTTTTCGTGT;349
GAGGCAAGCG;267,287
CTGCGTGTAA;467,189,46,474,21
ATTGATACGA;239,252,53
CCGTGTGAGG;89,375
TAGCTAGGTG;247
TCTGTCCGAG;262,207,283,135
TCCTCATGCC;451
GCCATTGGCG;260,96
ACTGGGCCAA;292,422,10,77,489,72,123
AGCAATCCTG;2,300,443,120,197,202,398,119,338,77,21,487,314,68,452,127
CCAAGTAAGC;265,293
GGTTCATGAT;247
AACCCTTGTA;258,160,480,15,377
ACGAACAGTC;91,296,212,178,148
TCGCGGTGGT;471,490,262,422
ACCACTTGCG;230,324,268
AACTATTAAA;0,485,165,181,290,216,328
TATTCACACT;263,201
GGAGCATGTC;285,431,269,63,53
CGACGCCAAT;296,54,63,393,84,414
CAGGAACAGC;316,302,287,146,339,55,421,232
GTTGCCAACC;30,0,458,406,378,203,80,102
TAAGCAGGAT;158,245,252,255,244
CTATAGCCAA;101,387,120,160,354,433,51,19,257,89
TCCAGGTGTC;408,328,158,101,4
CAGGGCTATG;464,190,497,211,159,374,488,458,400,472,277,359
AAAACAGTGC;469,29,299,316,97,305
CACCCACAGC;335
CTATAATGGA;439,342,463,88,5,159
GACCATCACC;420,27
CTACCACACG;408
TATTTTTTTC;269,152,121,381,182
CGGCAAATGC;245,313
TAGCCAGAAT;443,71,68,389,55,21,118
GCTGCGTCAC;217,256,402,440,298
TAAGATAGGA;199,25,192,432,146,451
GTGCGGAGCC;348,273,416,339
GTCGTAAAGA;494
GATCTGATCA;459,383,62,147,111
AAAAGGAGCC;310,384,205,127,147,105,287,278,446,401
GTATCCCACA;312,265,195,447
GTATCTTTAC;413
GAGGAACTTG;190,346,494,386,485,38,219,415,228,28
GACTCTCTTG;327,115,329,461,250,483,406,280
AATAAGACGA;166,170,202,349,463,197,444,452,257,134,270,424,409,201,16
ACCCTATCCA;355,208,113
GCTGCACAGC;233,233,145,194,337,375
AGTGCGGCGT;108
GGGCCCGGTA;144,35,212,306,359
ACTGTCTGTT;442,86,387,64,69,317,248,309
TCATTGAGAG;397,472,213,351
GGACGTAGGA;374,141,465
TGTAGTTTGA;309,195
ACGCACTGAC;401,286,453,97,164,182,195,348,190,126
TGCAGTATCG;176,365,332
CGGGATTACC;458,233
CCGGTATGAA;340,222,458,251,286
ATTATACCTG;314,114,326,185,286,326,106,199,178,10
GGAGTGATTC;151,75,83,311,157,470,140,23,262,176
AGAAGGGAGA;260
TAGCACTCCG;155,44
TCAAGTTATT;117,242,119,70
CTACTATGTT;247,191,81,267,30,400,7,361,242,225
TTTGGTACCC;69
TAAGCTGTGA;120,225,75,351,317,292,323,170
CTTACCACGG;393,77
TAGAGCAGGT;114,313
CGCCGTGGAT;386,85,382,470,295,190,52,338
AGAACTGGCC;149,444
TGCCTAACAT;386
GTGCTGAGAC;412,144,1,183,111,499,2,185
TCTCGACTGA;35,462,482,259,379,152,302,122,251,77,386,17,443,179,351,1,409
TGAGGCCTCG;293,165
AAACCGTAAC;57,19,426
GCTCGACGGG;218
CTACGCGAAA;272,463,157,94,240,205,36
GGACGGTTTA;309,84,499,59,237,386
GTACTTAGGA;103,63,435
TGCGAAAGGA;247,158,256,331,332,175
GACCCGCTCG;77
TTTAGAGGGC;254,392,390
GCAACTCTTT;492,298,66,321,25,85,478
TCGTCCAAAC;176,384
ATGGATAACT;23,311,272,482,62,183,324,497,24,205
CAGCTCAATA;248,171,281,51,298,47,370,33,340,96,426
TAGGATGTCT;290,123,108,482
CCGTTTCATC;239,194,281,498
AGATCGGACC;83,91,497
CGTACTAATA;141,252,292,391
GCTCAGCAAC;274,119,59,161,97,288,414
AGTACGTTAG;308,494,428,206,372,400,428,245,20,267,27,102,353,17,415,282,218,75,446,258,290,6
CTTCTTTAAC;60,152,169
CACCCCTTTG;459
GGTAGATTAA;140,282
GCGACCTGCG;239,143,382,397
AAAATTGCAC;370,458
ACCCTACAAC;19,31,460,421,488
AAGCAAGTAC;15,128,28,145,31,225,419,277,194,299,45,490,31,456,404,427,445,290,197,48,384,474,356
TAGAAATGTT;130,165,424,107,21,242,43
AAGCGGCCTA;164,254,496
CACTTAAGGA;279,1,61,293,477
CGATACAACG;133,244,412,139,481,414,239,220
ATAAACTGAG;78
ACAACTGGAC;448,402
TCGCCACCTC;292,497
GGAGACATGA;449,421,419,278
GTAATTCAAG;320
CAGTACACAG;135,91,334,239,18,310,424
CGAACCGGCA;36,109,363,249
TGTCCGGTCC;327,467,46,293,133,494,341,347,375,477,473,134
TCGAGTGAGA;281,68,72,269,296,207,32,455,52,280,236
AGTAACCCGC;337,61,435,469,349,33,191
TATTAGGGAG;165,87
TCTATCTGAA;165,38,349,190,212,230
TGCTTTCAGA;499,231,400,0
GCTAAATCGT;403,22,484,41,150,392,347,279,457,362
CTGCGAAGGG;208,179,377,129,306,291
AAGGCTTATC;323,482,348,173,23,460,43,169,80,171,284,274,376
TCAGTAACAT;49,437
GCTTGGGAAT;116,14,44,120,459,333,1
CGAACTGAAT;202,114,278,497,100,105,149,253
AAAGACATCC;361,385,415,488,281
TACATTCTCA;492,395,105,290
AAAGCCGTGT;314,220,64,3
TTAGTAATCG;101,264
TAGGATCGAT;288,439,19
GGACTGCGCT;357,167,450,111,100,164,240,213
ACACTGAGCG;119,139,92
GACTCGAGGC;230
TGACGTTGCC;484,328,197,418,263,417,456,42,238,23
CACTGACGTC;482,73,16,464,40,87,468,77,8,406
TGCAGTAGGA;189
AGAGGACTTC;492,69
AGATCGGTTG;167,368
TAACTCAGAT;275,314,434,327,33,471,148,157
GCCCGTTTCG;445,128,67,316
AAGGGTCCCC;9
CCGTCCGAAT;223,192,271,394,303,185,111,314,346,264,385,62
TGCATAACCA;11,91,446,38,278,85
CGCGGGGTTG;275,38,426,430,50,287,475,403
TTGGGCTGAG;403,337,202,132,191,360
CAGCTATCGG;34,230,462
GTAGCCAGCT;312,10,427,208,81,228
AGGGGGTCCC;395,57,125
TCGGTCGGTC;353,498,407,225,270,205,411,24
TTCTATTCAT;330,451,458
TCTCTGGGGT;442,144,346
TACATCGACA;490,368,43,315,300
CCATCACATT;463,252,272,305,302,77,163
TATAACAAAC;306,194,14,109,73,402,353,233,277,322,287,22,431,396,54
GGTGATGGGT;488,420,0,223
CCGAAATTGG;106,90,240,296,271
ATACTCTGAT;17
GAGGTGAATG;136,469
ATATTCGCAC;137,108,205,361,437,183,450,181
TAGACTAGGA;460,461,241,431
AAAAAAGGTT;476,6
AAACGGTAAA;185,246,174,169,196,251,113,116,63,151,282
TGATAGTTTA;113,1,142,187,183,499,402,387,231,11,164,204,45,220,158,276,57
CCTGTCTTTT;235,376,3
GGCAAGCTAA;5,439,222,249,389
AGGGGTCCTC;138,367
TCATAACCTA;124,387,277,304,167,258,38,473
AGTGAGGTTG;422,180,247,481,354,151,343
CCTATATGCA;98,201,140
CTACGCCGTG;368,41
TGTTTTGCGT;267,344,208,439,224
TGCACCGTCC;232,378,50,359
GCACAGAAGG;248,452,488,492,471
AGGCTTCGTG;157,75,392,101
ATCTAGCGCT;483,344,212,35,443,208,184,25
CCGTACCCCT;437,330,353,348,403,118,275,361,89,496,179,129,23
AGTCAGGTGA;119,196,252,413
ATTTCTCGGA;375,332,258,253,160,284,461,143,285
ACCCCAAGTC;211,481,125,245,12,461,395,392,286,168
GCCGATCGGG;491,309,206,52,345,292,482,397,0
CACCGCGCAG;289,189,26,250,438,359
CATTACAGTG;217,400,56
GCTAACGTAA;378,302,42,486,158,11
GACGAGGAGG;250
TGTTGCAACG;184,74
GTCATAGAGC;27
CCAGACTGGT;422
GATGACCATA;0,161,96
TTTGTCTTCA;310,472
ACGTGAGCAA;173,196,73,238,41,464,496
GTTACGGTGC;195,232
GCTGAGGCTT;372,260,208,398,185,133
TAACTCGGGC;185
GCGGGAAAAA;235,96,325,21,168,89,187
AGTTCATTTT;180,124,168,340,152,377,13
CGCCGCAATC;453,184,37,361,243,106,63,374,434
CCTGCTTGAA;484,234,17
CGCACTAGGC;143,322,120,302,402,367,104
GCGTAACCGT;231,489,484,201
TCCAATGCCT;250
AGGACTGGTG;288,448,42,306,275,14,262
CTGCTGGTTC;478,420,306,210,261
GTCTAAGCCG;420,198,25,32,24,384,219,310,420,296
AAAATGCACG;66,160,172,335,436,377,433,266,475,345,422
ATTTCGGACA;282,195,483
ACGGCCATTG;190,291
CAACCTGTAA;386,276,41,29,89,452,287,452,367,271,54,186,478
CAGACTATGT;455
ATATTAACAC;348,117,42,403,370,330
GGTAGCTATC;359,389,99,2
TATATGATGT;340
CAATGGAATT;341,397,264
AGAAAAGACG;208,109,273,338,206,9,401,216,487,417,250
TGACGCTGCT;144
CAGTCGGAGC;318,60,190,272,213,68,367,251,498
GGGCCCCCCG;151,409,97,149,304,259,294,182,286,114,331,273,232,430,316,402
TCGCTATGCC;34,107
CGCTCTTGCT;160
TAAAAAAGCA;440,190,49,362
GCCACTAGAT;96,288,438,351,211,373,407,277,88,284,203,111,49,18,203,137
GACTACCTAG;19,197
GCCTGGCGCG;398,130,299,231
ACATATCGTA;442,214,96,51,275,379,208,282
TACCCTTTCG;360,394,196,191,98
CGTTGCAGTG;442,324,464,466,152,441
TGAGGTCAAA;368,333
ATTCCTTAAC;291,391,182,474
TCCGTGAGGT;236
GGTCATCCCC;220,380,330,359
GGCCTAAGAC;498,293,357,21
ACGTCTCCCC;185,150
ACTCCGGGGT;446,124
ACTGGTTGGT;268,477,405,376,405,413,209,491
AACCCATCGA;92,392,327,160,160,296
AACGGAACGC;484,163
AATCCCGCAG;33
GAAGCTCAAA;292,186,399,298,233
CTGGGGGTAG;67,447,330,368,231,417,364,24,254,282,398,301,225,155,54,198,272,13,42,8,272,319,294
GGTCCCCAAT;138,158,278,87
CAGTAAGTTA;418,125,421,309,418,441,84,390,103,318,36,70,11
TTTACTCATG;425,156
GACCCACCAA;374,387,412
AATTGACTAC;263,273,275
GACATACGTA;496,284,252,354
GAATGCTCAC;445
TAGCTCTAGG;24,84,250,43,138,210,421
TTCAAGCCAG;354,442,81,121,354,113,93,195,3,423,412,184,69
ATGGCCGCAA;351,16,0
AGCCTCAAGG;146,301,272,417
TCCAATCCCT;399,8
GTGTGGCTCC;257
GATCCGGGTT;312,393,94,496,216,427,14,337,69,433
CTCGCTCTAG;253,79,393
AGTACTGGCC;361,394,131
AGACAGGGAG;283,298,96,326
CAGCCAGCTA;355,412,319,271,410,282,202,207,9
CTACTGACCT;489,275
GCCCACTCAA;408,17,405,417,327,68,345
CTTTCCTCCC;246
GAATATTTAT;449,255,57,154,429,190,146,89,439,344,106,69,492,9,359,187,327,424,409,298
CGCGCATACT;250,100,430,277,261
CATCCGATCC;462,409
CTACACAAAA;392,97
GAGCCTATTT;410,450,453,340,263,178,313
GTGAGTTGAG;343,180,401,109,177,223,174,382,133,316,184,452,318,110
TCTGCAAACG;4,408,237,320,490,146,106,174,192,208,80,363,169,432
GTTGTTTATG;94,65,478,232
GAATTAGTTA;484
ATCTACTCTG;331,290,393,492,80,346,496,136
TAGGCCAAAC;398,170,160
GTAAAGCAGT;71,410,270,456
CATGTACGCT;25,192,305,376,304,468,237
AAGGGATTGC;261
TTAAGACAAT;21,467,323,363,182,83,284,436,218,150,382
AGGCGAGGAC;373
CGACGGTTGT;285,60,270,412,339
TGAACTTTCG;196
TTCCCCTGCA;199,31,102,366,306,152,252,297,119
CAATCCGGAA;465,107,13,247,320,357,213
ATGTTGTGAG;438,238,367,127,333,476,362,375,413
TCCAATTCTG;388
AGGTATGCGC;449,200,150,63,264,324,296,389,220,180,187
TACCAGCGGT;171,75,353,439,25,495,325,492,432
GCTAAGTGCC;328,186,370
GCACGTCACC;375,238,110,494,150
TTTCCGGCGG;9,299,225,177,133,163,259,311,95,408,390,275,314,266,264,22,72,258,427
CGGAATTCAC;105,170,342,6,373,197,468,454,363,314,320,27
GCCTGTTGGG;228,298,471,269,275
AGGATGATCA;84,101,267
TGCCGCGGTC;395,362,121,260,26
TATGGGGCCC;24,445,35,483,276,331
GGGAAGAAAA;282
TGGGGGGACA;452,472,192,112,462,347,409,108,326
GATATTCCTC;258,97
CAATCGCGAA;438,197,205,246,265,45,430
AGGCTAGCCT;108,69,256,379
TAGGCGCCAG;35,171,445,395
GTATCAGGAT;107,219,209,147,128,368,182
CATTAGGCGA;334
CATAGTTCAC;241,4,389,217,485,182,170,14,157,128,283,97,389,50,358,120,380,114,163,286,488,382
TCCGCGTTAG;320,238,90,252,394,102,72,105
TGAAGACAAG;128,106
GTTCGTTCCA;341,462,5,434,31,21,200,302,412
ACACCGTGCC;417,39
GATACGGTGC;57,232,322
TGACCTACTA;342,290,436,298,356
TTACGAGATC;378,472,123,412,478,303,359,414
GTAACGCACC;493,199,218,222,373,151
CTAGATGCTC;5,89
CCTTGGTTGG;436,318,20,232,398
TTACGCTGAG;435,151,448,455,393
TACCTACGGG;380,29,5,489,41,263,444
TCGGTCGCAA;353,264
TTACATTCTG;414,6,453
GCACTCCTTA;107
GACACTCTCC;47,69
AAGATCATAC;97,306,412
GGCGGACGAG;155,313,391,319
GCATTTACCG;318,492,181,417,38,245,353,237
CCGCAATGTT;45,36
TACCGAAGTC;143,57,181,442,347,34,144,160,194,208,326,472
TTTATCACCG;453,422,404
GAAACGCTGT;377,369,285,254,315
ATTACCATAG;230
GCTTCGCGAT;253,160,359,148,250,104,13,303
GCACGGTGAG;287,126,188
GGACTCCTCC;6,3,412
CTTCAAGGTT;358,254,325
TAGGGAATGT;258,494
TTAAAACGTG;173,414,127,185,14,224
GTCTATTACA;390,274,428,113,271,427,289,314,243,84
GTGAAGTTAC;488,81,104,126,148,170,395,270,477,225,92,454,315
CTGTGTTCCA;267,384
GCCACAATCG;219
TATTCGACCT;453
AAGGTTAGGC;434,158,218,172,106,39,7
TCTCGCGCAA;194,23,74,208,162,159,424
ACCGAACGAT;328,92,157,54,445,91,9,208,124,5
ACCCTGGGAT;438
GCCCGATTTC;301
TAGGTATTAT;170,152,167
CGATGGTACA;306
AAAAATGTCT;158,9,81
AAGTCGAGTG;280,222,91,406,11,352,128,430,99,380,315,66,416,280,246,236,114,225
GATAACCGCT;465,460,411,45,394,237,464,164,76,146,18
GCTACCAAGG;92,73,335
GGCCACGAAG;359,8
AGCCCATAAA;348,170,255,351
AGAGAATACG;157,5,343,492,128,320,494
ACAGTTTGAT;120,72,350
GATGATCATT;78,361,321,102
GCCCTTCTCC;16,67,311,491,63,213,243,473,408,491
GCCCCAAACC;278,227,365,492,362,12,91,248
TAGTAATACC;57,113,17,180,497,474,494,287
AGTCGTACAA;477
GTCGGAATGT;36,198,429,478,250,290,418,445,97,205,403,365,487,11
GTCATTGTAG;497,25
AAGTTAGGAG;372,375,265,120,342
TGCGTTCCAT;405,298
GCCGGACCTG;158,181,327,176
TCGGCACGTG;32,251,91,360,432,25
TACTTGAACT;4,216,498,117
GTAGAGTGAG;23,245,365,200,22,495,402,385,241,447,243,405
TGGGCAATTG;178,235,476,469,8,88,266,268,96,157,230,2,48
TCAACTCCTG;12,489,276,117,39,435,136
GGATAACGAA;112,270,463,255,269,338,145,311,346,420,342,313,235,202,425,4,399,100,278,21,464
CCCTCATACC;250,174,352,201,393,497,121,431,69,63,18
CGCCGTTAAC;252,441,360
ACCTATTGAT;33,482,115,487,478,248,284,223,409,414,25,356,26
CCCAGCGCTC;121,327,336,483,382,251,220,295,68,11,250,416,341,120,228,60
CCCTTTAAAC;275
CTAGGGATCA;113,394,329,455,91,140,77,225,425,393,59,175
CTCAAGAAAC;185,103,232,132,250,406,120,439
AATTTCACGA;317,92,307,89,364,37,75,34,348,332,74,397,447,394,10,318,225,287
TCTTTTAACC;249,384,58,269,392,262,274
TGGATTCCAA;8,117
AATAATCGAA;123,272
GTATGTTCTT;135,340,473,42,310,484,405,355
GTACGCAAAA;368,54
CGGACCACTC;236,345,159,393,450,242,320,41,219,273,458,6,250,443,249,421,75,25,360,215,232
CCTCCCCGTG;379,123,364,151,67,237,338,437
ATCAAAAAGA;243,163
GGGTTTCTCT;143
GGTCGCCCTA;381
GAGCGCCTGC;437,403,20
GCCGTTTTGG;68
AGGGACGGTT;119,95,276,50
ACTTATTGTC;492,394
TAGTTCGCTA;129,76,284,361
GCCTCGGGAT;50
GGTGTTGGTA;177,199,466
TGAGCAGGGA;441,49,24,276,476,92,377,211,93,379,138,28
ACTAAACTCA;380,56,222,89,474
CTACCAACAG;444,47,271,344,90,202,380,66
CGTGTCTGCC;109,286
TGACTGGTCG;220,54,414
AAGCCATCTT;178,66,467,232,410
TGGGAGCATA;222,399,62,174,234,391,213,224,9,450
TAAGTATCAT;112,136
CGCCTTTGAC;284,430,50,323
CCTCCTTCAA;148
CCATCCTAGA;300,423,120,169,52,185,382,159,80
GTCCACAACG;342,302,307,475,284,66,25,199,454
GTGCACCAAA;371,191,119,53,82,5,475,289,240,224,52
TTTCCTCCAC;241
GAACGCCATG;148,225,68,27,370,285,296
TCAGTGCGAC;499,23,407,398,76,195,309,211,438,263,235,438,365,364,198,464,303,262,4,178
CCGGTATACT;279,45,482,150,184,152
GACTCCACTG;339,294,23,88,293,149,284
TCAAATAATT;491
GTACAGCGTT;352,467,268,363,218,298,429,38,35,436,452,229,149
TTACGCGTGC;344,456,144,358,394,120,47,415
TTGTGTATAT;138,369
AATGGGCTGC;194,375,465,161,428,343,278,460
GGCCACGTAC;339,328,157
GAGACGTTGG;296,116,142,101,436
TATCTCACTC;464,191,146
ACCGCTAAAC;168,200,59,162
TCACGCTAGG;493,297,378,244,118,114,33,315,351,498,167,364,99,227,19,360,134,280,212,488,423,498,109,274,311,137,210,262,389,466,24,172
TGGATCAACA;208,468,461,351,372
GTTCTACGCA;236,263,324,129
CTCTGACTAA;398,328,215,25,237
GCTCCTCTTG;88
TAGATCGTGG;154,112,468,161,71
ACAATAGGGA;461,283,319,451,245,383,103,423,383
ACTTTATGAT;428,477,23,320,302,211,230,330,187,268,234,471
AGTTCCTCTG;423,9,432,287
TTCAGGCAGG;265,294,461,73,83,34,385,74
GATAAGCTGA;247,248,33,493,490
GGCCGAGGCT;456,446,381
AGGTCAGGTT;76,302,50,164,315,378
GATGGAAGAA;340
GCCTGGTAGG;304,239,113,331
ACGTCGTCTG;318,323
ACCGACACAA;298,455,94,230,481,296,151,27,44,252,402,245
AACCGATCAA;173,475,173,94,94,17,296,86,153,474,9,414
GCCGATTACG;488,385
CGAGGTAACG;435,162,147
AGACCCCTTT;51,271,424,400,429,50,215,316,446,459,472,298
CAGTTAATAG;495,73
TTGCGCGCGG;307,87,12,423,50
CTCTGTCTCC;54,174,1,376,43,310,418,409
TTCTGTACTC;201,144,131
GAAACGACCG;292,439,47,117,242,59,239
GTCGGATTAT;494,64,385,472,177
CCCTATGCAA;120,399,139,414,102,85,28,212,57,157,187,449,496,208,198,390,83
GTTCAAGTTA;315,481,254,26,483,74,362,71
CTGAATCGAC;284,198,7,357
CTCTAGCGGT;105,252,83,414,388,126,341,322,65,433,331,384,346,328,184,118
CCTGCGTCAA;343,46,343
TCTAGGTGGG;66,491,186,232,166
GTCTATACTC;348,266,460,98,415,244,402,451,492,26,149
AGCACCCGGA;122,287,334,384,137
CAACGCAAAC;390,96,258,72,37,117,134,30,170,34,366,220,464,136,142
ACCGCACAAT;7,284,401,300
CTGCCACCGG;183
TTACAGATAA;270,72,222,93
CAAAACTTTG;207,252,117,273
TGCTATCCTA;78,313,388,321,462,281,305,334,70,415,95,77,10
AGCGGTCTAT;413,419,123,301,189,476,50,182,137,405,242,297,349,375,271
AATGACGGAA;160,161,463,127,216,321,284,105,367,38
GCTGCTCAAC;280,394
ATTTTAAATC;460,58
GTACTTCTCG;389,152,174,414,189,345,431,53,295,14,25,265,106,458,78,352,231,268,156,156,308,37,323,232,499,243,485,238,473,310,363,152,287,265,380,262
AGCGAACAAG;138,135,279,214
TTTCCCGGAA;260,162,444
CTATAATTGG;444
TATCTAATGA;194,341
TAGCTTTAAT;450,328,246,324,374
GCTAAGGTAT;262,215,192,323,84,293,136,161,267,258,165
TAGCCTCTGA;96,469,245,86,57,180,279,182
GTAAGCGCGG;166,209,348
GAGGTGAGAC;26,45,455,176,224,306,117,461,127,308,15,464,77,328
TCGCTAGAAC;133,78,2,299,496,221,460,40,367,425
TAGAAAAGTT;309,392,31,136,417
TCTCAGTCTG;456,248,445,312,225,397
CTCTGGTCGC;285
GGTATTGACC;419,348,60,66,345,143,223,60,388,179,477,435,417,357,299,102
AACCAACTCA;266,465,91,131,35,225,28,347,57,193,163,349,198,258,223,174,460,53
AGAGACTTGA;119,283,322,99
GTGATCGCCC;468
GCGCTTAGAC;373,444,431,154,429
GTCTGTCGCG;40,445,395
TTCGCCCCGC;119,310
GCTCTATGAC;144,97,143,253,316,296,288,12
ATAATTTATC;294,216,37,196,151,74,445,194
AAGAATATAT;310
CCAAAAACTC;319,415,162,172,358,462
CAATAGCCGT;279,378,464,416,79,329,433,16,259,336,83,231,426
TGAACGTTAT;283,40,309,9,313,247,495,215,363,278,230
CATTAGCTGA;356,234,129
CCCAACGTCA;438,191
ACCCAACTAT;115,49
CTCGGCGTCC;35,254,143,497,396,362,191,96,318,41,169,77,446,413,490,261,207,48,199,351,389,336,311,153
GTCAAAGTCC;349,94,23,338,321,89,491,246,429,200,424,72,246
CCTTTCGTGT;454,336,326
CAATAGCGCT;1,254,356,350
ATCGCGTTGC;117
TCCAATGCGG;257,291
TTTGAGAAGC;180,186,404,318,30
ATATAGGATC;3,132,54,484
GCATGCCATC;314,154,314,117,236,44,328,23,124,276,375
CACTCTCTGT;435,174
GAGCCTGCTT;85
CTATTGGCGC;202
AACGACCAAT;231,26,348,145,123,247,168,419,20,280,203,225,304
GAAGGCCGGC;70,421,332,8,10,434,279,227,445,224,346,485,240,171,233
ATGGTGACGC;364,349,183,68,394
TGATAAAGTC;226,496,155
CGAGGCCGAA;413,460,96
TGTACACTTT;322
TCAGATTCTA;192
AATCGATCCT;36,273
TACAAAGTAA;437,117,392,491,264,343,443,175
ATCACTCCCG;399,435,217,2,285,99
TAGCTTTAAG;334,310,408,480,1,371,229,53,196,402,438
TAATTTCACG;352,259,274,247,311,278,378
TGAGTCAAGC;187,172,189,168,208,263,236,293,367,44,382,264,387,140,438,368,288,128,466,291,28,250
TACGCCTATT;81,33,111,486,188,11
TGAACACGTC;92,201,96,84,236
GGAACATATA;226,57
GATGGGTGAT;140,264,289,446,278,362,429,287,479,284,27,107,309,415,245,226,293
TCCTATTGAG;373,125,162,7,298
CAACACGCCA;64,422,49,431,433,339,269,6,187
TACCTCACCC;63,243,17,389,65
TGAAGGCCCC;473,368,287,127,10,370
CCGGAACTCT;5,470,429
AGTCCAGGCG;206,134,282,182
GCCCTATTCA;112
CTGTAAAGTG;419,158,198,217,374,288,124,298,399,406
CCCATATGCT;472,90,292,57,192,135,90,359,324,155,15,232,255,98
GATAATTACC;189
TTACTTTTCA;21,333,164,482,117,259,34,337
GCCCGTCGGT;253,499,143,108,181
TTAGTGGCTG;34,402
TCCACGAACG;54,400,250,442,325,130
AAGCCTTGTT;199,426,491,416,290,381
AGAGTTGGCC;357,239,189,33
CTACGACCAC;175,325,150,74,228,391,353
TTTTCGTTTT;382
CCCGGCCACT;461,288,277,484,12
GGTGACTCGT;398,456,91,35,25,271,151,270,180,319,470,34,168,477,452,152,421
CAAGCCTGGC;366,290,54,145,38
TTGGAGTTAC;444,354,56,165,211,269,280,66,332,154,263,397,288,8
GCTAAGCATA;134,381,378,329,267
CCTTTGCGTA;183,259,420
TAAAGGGGGT;243
TAATCCACAA;312
ATACTGCTGC;106,369,79
AATCATGTGG;155,2,438,289,477
GTCTACAGGT;497,142,178,219
GCATGACACG;218,278
CGCAGTCTAG;56,423,409,333,245
AGCAAGGCGA;146,333,306,224,298,165,490,241,144,447,67,203,50,490,225,441,372,98,181,236,419,489,45,45
GTAAGCTGAA;55,406
ATATACTTGA;141,195
TCGAAGGGAT;3
GGCACCTGCC;249,375,98,171,150,436
GTCCAACGCA;362
TCTCTCCCGA;315,421,309,315,317,417,150,26,453,270,337,361
ATCCTGATCG;9,377,255
CGATTTGGCT;224
CTTGACCGAC;437,0,390,387,82,222,289,191,199,404,56,270,91,295
GGAACCAGGC;74,4
TTGCGTGCCT;180,17,205,277,444,413,446,427,270,67,68
AGCCCATGGT;339,427,394,268,348,240
CGGGCCAATA;26,341,103
GACGCCGACT;230,406,379,262
GGATACACTT;422,118,453,372,425,24,337,247,258
CCCTAAGGCG;289,160,119,351,135,131,394,239
GCCGGGCTCG;450,435,260,384,27,244,117,413
CGCGATCTTT;306,391,118
GTCCCGTGCT;264
CGATCATAGT;223,424,493,483,493,486,297,151,429,118,474,223,368
CTAGGTTCTA;32
GCTTGGAGGC;77,15
GAGGCCTAAG;81,179,399,70,266,274,81,15
ACGCATGTTA;372
AAGTATACGT;213,159,462,118,324
AACAACTCTA;25,446,351,118
CTTCAACGGT;286,119,261
CAATGGGCCA;202,461,225,129
AAGAATGTAG;141,85,388,2,37,393,270
AAGCGCCAAA;278,361,344,339,476,385,154
CCCGTGATGA;186
GTAAGGAGCC;14,426,380,172,147
GGCAGAAATT;47,93
CAGCCTCTCG;401,90,206,436,101
CTGGTACGTT;480,322,74
AGAGTAAGCG;196,242
AACTGCATTG;241,253
ACTCACGTGA;13
GCTGGGTCTT;247,12,293,363,255
GACGTCACCG;450,332,432
TTTTCTTATG;367,253,270,447,363,133,385,125
ATTACTAGGA;97
AAAGATCCGA;182,456,133,84
CTGCAGGTCT;461,90,363,478
TGAATAGTTG;68,459
TTCCCGTGCC;289,156
TCGATACTTC;408,176
GGGCTCGGTG;242,289,490
GGTACTAACA;84,270,106,119
TTCTCCCTTC;369,16,333,419
AAAATCTGAT;128,404,462,212,203,85,26
CATGGGGTAA;83,301,79,96,425,349,201
AACGAAAACA;239,2,401,480,494,297,305,431
CACACGGGGG;214,124,262,229,429,4,368
GCAAGGTGAC;172,372,7
TGACCGGTAG;442
TGCTTTACCG;335
TCAGGTCTAC;126,305,137,319,68
ACACCGGAAG;477,254,358,228,247,249,99
GGCAATGGGG;167,251,368,71,122,219,325,129,92,338,32,367,357,443
GGCCGACATA;318,377
TCACTGAATC;209
TCCTGACCCC;366,264,103,322
TTCCCTCGTG;269,441,347,105,374,282,427,274,202,419
GATGTCCGTT;284,15,387,462
CTGACGTTCT;182,138,219,393,25,335,301,401,342,330,385,11,180,92,245
TCCCAAAACT;344,376,444,144
TTCAATAGGG;460,281,33,429
ATTTACAAAA;458,220,122,80,355,475,409
ACCTTGGTGG;95,146
TGTACGTGCC;128,151,85
GCGGAGTAAC;476
TACGCAATGG;450,384,378,105,333,66,308,420,369,313
CGCATAGGCA;482,297
CCGGAAGCAG;353,135,223,463,372,47,191
GAGGAACTGC;45,470
TGATATGATA;410
TAGTCAACCT;236,207
CCACAGGATT;425,103,11
AAGAGGGTCA;435,451,466,107,259
TAAGAAACGG;290,427,158,89,53,311,256,280,272,492,51,396
GTTTCGGAAT;227,87,398,446,162
AGAGCGACTG;259
ATAAGAGAGA;453
ACTGGTAATA;88,434,459,167,77,73,468,330,173,288,2,75,473,305,487,456
ACCACCCAGA;139,310,413
ATTCCATAAA;176,339
ATTCCTATAG;428,378,44,92
GACTGAAATA;392
AACGCGGCGC;406,121,30,289,68,255,405,195
TGCAATAACT;492,18,179,443,195
AATGTACCTT;131,420
GTCCGACCCC;218,257,417,334,378,303,173,316
CATCGACCAA;364,337
TGACCACTAC;143,169,175,363,98,160,48,183,472,222
TCAATTACGG;65,199,289,328,112,74,136
ATCGAAGTAA;105
ACCGGACTCC;37,334,351,182
GCACTTCAGG;165,196
GGCCAGAGGG;105,338,383,441,160,185,365
ATTACCGCCC;421,221,129
ATAATTGCTT;474,25
TCTTAGTCAC;312,376,38,12,213
ATGGCGAGTA;21,104
TTTCTTTGAA;315,33,245,329,215,430,415,410,51,103
ACCGAGCCAT;109,89,223,235,327,18,467,239,247,279,23,474,168
CATAATGGAT;99,146,266,36,34,278,260,406,343,38,315,324,33,175,323,462,70,72,391,115,309,203,42
GCGATTTGGA;422,262,309,464,312,476,239,121,449,256,479
AGCTTATCAT;82,9
CTAATCAGCA;87
GGTAGGGCTC;465,485,82,56,388,396,391,78,257
TTTTGTCGCG;476,329,289,428,43,295,244
TATAGCTCAA;211
GCCCCTAGTT;49,172,235
ACCTAGGAAA;53,19,143
AGTGACTAAT;239,459,401,276,276,254,17,320,149
CACTACCCGA;79,201,16,160,323,115,253,461,452,143,104,36,317,270,86,2,124,106,363,187,303,261,71,127,404,162,90,423,113,324,26,331,70,133,479,209,159,288
TTAGTGCCGA;13,375
GTCACGATTA;263,306
CTAGTCGAGG;233,80
ACGCTGATTG;66,188,74,260
GTGCTGACGT;358,211,155,296,6,197
GAGCGTAGTG;428,99,8,293,365,91,37,131,461,197
TCAAGCCATG;361
TACAAGTCTT;214,300,485,383,189,471,0,139,155,153,285,328,271,137,247,387,128,368,488,280,262,204,440,60
GTGGCTGAAA;205,172,261,226,143,347,384,214,316,159,411,213
CTCTCACGTA;444,170,61,229
GCTCAAGAGC;186,52,409,268,356,101,488
CGAAATAATC;447,233,493,129,362,238,289,407,134,493,354
TGGCTAGGGT;342,457,7,470,439,357,255,282,48,404,307,137,422,345
CCCACGGTGT;424,419,316,100
GTGAGATAAT;128
CCGGTCCTTG;65
AAATCCCTCT;68,348,90,326,42,386,383,417,496,453,302,381,5,218,415,174,322,41
ATATCTAGAG;98
GTTGCATCTG;51,92,259,289,170,184,125,214,480,188,184,126,67,392,283,389
TGGGCTTAAT;23,213,64,303,402,326,209,453,354
GCCTGAGCCT;131,30,210,90,75,135,21,246,484
ACGCACCTTT;50,160,262,384,262,34,228,105,442,126,113,360
ATCTGATAGG;498,439,440,326,429
TTTATTACCA;3,35,328,223,164,458,429,362,42,414,396,35
GTTAATCGTA;104,380,197,55,482,418
ATTGTAGCGC;276,104
TGGCTTATGC;53,462
CTTTACTCAA;279,30,186,385
GTACGGAGGA;290,165,498,149,325,40,13,412,30,70,342,375
CCTATTGCAG;155,138,346
CCAATTGGTC;12
GGTAACGACA;396,91
GCGACAGGGA;163,464
CACCCATCTG;229,384,91,224,358
AATTATTCCG;410,461,355,465,446
GTCCGGGAGT;315,215,406
GTAGGTTAAA;310,96,132,429,66,234,290,151,267,349,209,73,9,138,451,346,274
TGTTAACTCT;483
GACAAACTAC;432,37
TGTACCTCGC;281
TTAGCGTCGA;15,446,451,237,290,362,382,92,314,397,84,417,431,383,18,158,82,256,54
GCTGTAAAAA;426,52,457,307
TAGGGTTTCT;25,137,284
CAGTGTAGCA;143,49
TGTTAGCAAG;94,125,459,156,28,90,436,347,135,382,212,236,206,9
TACGTCCCAT;232,340,63,461,247,21,190,435,285,121,32,73,83,400,198,322,163,73,262
TGTGAAGTCA;208,192,395,465,270
TAAGTGCTTG;236,179,198,141,264
AAACACCAAC;99,316
ATCTGACACC;84,68
GGGCATCCTC;60,31,107,148,99,399,130
CCTACTCCCA;436,153,274,389,380,470,364,25,275,415,262,15
CCTTGGCTTG;313
CTCTAGGCCT;113,312,163,228,56,113,308
TATGAGGCAA;248,364,276,269,215,220,268,143,258
TATCTTCGCT;300,252
GTCCAGTTCC;346
TGCCTTCACA;84,439,214,97,239,447,97
GTTTTAGCCC;138,206,1
CTGAAGGGTA;270,342,311
GATGGTTTTT;256,466,140,489,172
GCGCTATACT;58
ACTATTCTGC;245,390
TACACAGTGA;499,375,339,335,494,490,235,375,12,315,435,153,321,427,450,399,8
CCGCCCCGAA;463,488,449,431,378,103
CTGCGGGACA;475
ATTGTCGGTC;34
TGGCCTTGGC;190,53,121,200,190,62,7,342,335
TCCGTATTAG;344,198,228,162,335,496,74,305,85,406,72,70
GTTCGCAAGC;482,381,132,213
GCGCTCATCG;358,285,223,287,272,64,470
AATCACTCGG;72,437
CACGTTGGGC;231,331
GACCATCAGC;370,194
ACAGGAACGT;364
GTACTATACG;139,430,198,376,160,424,248,183,480
AATCCTCAAC;294,157,239,328,140,482,285,240,221
CCGGGTTTAC;459,386,288,196,242,206,258
ATCCTTCCCA;298,43,454,341,146
CCCCCTTGTC;325,49
AAACACTATA;429
CGAATAGGTG;315,494,270
TGCGTCCCGC;369,461,182,176,370,267,338,151,447,404,134,437,205,465,383
TCGTGCATTT;43,275,230,204,167,499
TGCCCGTCAA;455,353,16,495,21,242,408,451,328,259,387,140,3,82,493,103,131,355,401,272
TTACCTCCAC;184,307,9
GACCGCCCGT;51,102,25,294,110
CATGGGCTAT;88,473
TGATCGTAGC;257,475,262,49,248,190,268,3,472,426,190,64,338,206,163,62,98,196,162,135,414,68,227,32,366,433
TCTAGCTTAC;227,97,203
CCTTAGTATG;28,0,457,9
CAAGAACGAA;47,417,421,242
GTAGAGTCTT;57
GATGGAACGC;143,148,175,267,455
CACCACCATA;200,269,224
CTGTGTTGTG;50,301,64,162,17
GGAATGTTTG;228,280
TTTCGTCCGT;164
GTCGCGTCAT;425,115,49,245,155,420,254,130,24,49
CAAGTTTCGA;8,114,127,161,0,350,172,374,137,283
TTAAGGAACC;335,188,295,446,342,79,392
GCTGGGACCT;359
CCCTGTGTAA;142,359,270,382,282
ACGCACCCGT;316
AAAAGCACAA;319,276,215
TCCAATATAC;22,444
GGTCGGCTTG;306,372,383,448,167
CCTTTTTACA;251,427
TCAGAGGTGG;28,43,257,223,137,105,188,103
CTCGCAGTGA;8,404,247,190
CGGGAGAGCG;331,37,116,195,304,312,210,160,442
GGCAACACTA;285,414,207,314,313,464,243
CTGCTGAGAG;120,157,129,76,173,129,384,483
CTGTAGCCGT;132,386
AGGCCGTCTC;344,271,75,451,92,14,292
CAGCCGTCTA;232
GGCCGTACAT;485,171,321
GCATAATTGG;79,369,45,133,269,413
AGCTGCATGA;491
GATTGTGACC;72,365,326
TTTTGTTGTT;484
GGCACAGATG;57,152,326,44,279,15,193,143,365,317,491,442,230,207,149,63,324,207,427,487
TGTCATTAGC;70,350
CACCTTGTGG;1,475,84,123
TCCGCAAGAC;49,81,212
