GGTGGCAGCA;24,658,395,619
ACCTCACGCC;171,715,352,383,759
CAGGCTTGCG;133,570
ACTTACCAAT;285,109
GAGACTTGGG;107,490,325,327,545,77,742,585,443,286,456,439,416,200,601,787,683,407
ATGCTAAGTA;599,207,384,600,789,679,325,779,700,266,238,537,473
GCGTAAGTGG;746
GGGCCGAGTG;257,478,82,789,147,10,555,18
CATATAGCTT;444,691,476,546
TTTTTTATAT;430,732,145,744
ACTGGTATAT;186,475,476,618,420
CAGCCTGAGC;606,496,286,509
CTGAAGTAAG;697
AGATGTATCT;480,183,312,393,550,777,316,524,234,134
CTCGGAACGT;287,124,364,714,759,701,224,770
ACCTGATATT;198,554,531,12,758,194,260,296,748,254,63,526,558,161,59,758,166,42,497,379,738,3,255,709,393,226,105,154
GTCCTGATTT;26,615,372
AGTGGTGTTT;623,160
TGTGGGAAAT;4,692,711,461
AAGGGATTAG;791,56
GGGGATTTCG;597,463,298,450,449,500,661,331,195,571,512,169,494,217,61,184,797,46,621,453,442,188,47,318,347
GCGCAGGAGC;254,486,617
AAAGCTGTCG;418,131,363,767,259,474,727,558
CGGCATCCTT;309,5,81,19
CGCCTCTCGA;760,518,632,83,396,60,680,392,29,588,25,406,538,38,334,324,11,263,303,256,356,51,642,412,716,126,711,537,112,592,440,533,266,291,559,96
CTTACTGTAT;98,555,307,696,156,313,509
ATATTAATCG;643,287
CCCACAACTC;477
ATTGATGGCG;59,425
AATAATCATA;282,152,673
CATTGGAATT;246,329,779,347,433,365
CTAAATGCTC;665,605,111,756,611,247,403,553,619,517,352,716,109,139,681,134,354,384,280,349,446,22,195,677
GCGCCTGATA;620,243,606,643,691,93,505,530,26,308
GCGGGCATAA;156,798,415
GGGGTAAGGT;289,428,574,747,356,653,393,116,7,601,228,243,348,335
AGTGCGGGCT;418,329,779,489,131,766,391,316,75,357,724
CTAAGGCGCT;204,506
CTTAAAGAGC;462,558,168,104,199
TGGAGTCTGA;688,49,326,136,361
GAATACAGTC;131
CCCGCAGGAG;99,675,428,692,641,186,132,502,163,50,568,361,680,163,368,181
GTGACAGATG;176
AATCTTAAGT;747,320,485
ACCAATAATA;372,342
CTGATACCCC;673,369,514,369,206,1,273,633,205,118,161,107,142,107,147,166,375,292,239,401,697,619,225,570
GAAATTCCCC;575,310
CAAACCCAAA;197,296,266,570,228
TAGGCGCGGT;25,683,725,227,542,774,347
CCCACCAACG;560,510,320,173,588,614,694
TTTAACTGTG;556
TCAATAGCCG;413,136,196,373,57,90,558,174,38,711,200,409,619,625,796,447,156,33,239,660
CAGCTCGTGA;409,379,350,180,770,53,78,313,787,63,438,773,225,528
GGCCTCGTTA;35
CGTCTACCGT;431,149,342,502,480,366
ATCCTTGACA;529,154,769,355,342,616,694,696,655,1,425,517,565,659,395,117,610,611,402,94,653,476,4,594
ACGGGGCGAA;528,379,677,119,799,140,772
GTTTTCTTCT;92,99,371,104,662,422,711,178,794,576,361,113,733,702,46,33,488,421
AAACTTCGGC;732,663,172,698,646,355,121,411,385,118,409,799,590,544,92,337,433,292,693,541,222,547,69,611,672
CCACCTATGG;141,567,472
CCACCTTCTA;11,214,736,518,358,342
GCCTCGTACT;100,459,427,529,735,78,336
GATTGTTGCC;154,144,402,729,317,783,220,137,732,189
AACTATCGCA;408
CATTTGGAGA;525,579,344,75,720,617,622
CGGCGATTAA;741,82,279,100,733
ACGTTCTCAT;797,638
TAAGATTGGT;714
CATGCGGTCG;732,743,652,616,592,417,292
TGGTTTTTTG;667,777,152,55,179,725,482,217,501,57,751,293,71,272,89,689,537,621,761,55,266,443
AAAAATATTG;550,697,104
GAGTAACTTT;46,108,632,383,165,769,512,401,734,145,593,249,379,620,139
ATTCCAGTCA;409,283,741,481
CACCTTGTGC;341,94,792,78
GCACCTTATA;469,524,10,654,655,564,741,136,408
ATGGAGAATG;214,398,709,170,349,362,601,141,333,565,666,579,4,792,68,713,194,587,480,737,498,102,214,641,87,784,706,363,499
CCCACTAATC;315,265,437,236,378,229,594,745,403,693,373,412,686,331
TACACAAACT;108,147,196,325,492,593,798,294,164,643,548
TACGTCGAAA;518,526,269,548,769,460,523,129
TCGACATATC;586,679,278
AGGAGTTGTC;304
TGACTGACAT;445
TTAAGCGCAG;29
GTAGGACCTA;260,619,727,378,371,200,716,402,647
TAACGATCCT;614,26,335,707,292
TGCAAAGCTT;368,91,515,26,582,583,89,471,680,680,771,576,696
CCTAGATTAA;419
CCTAGCGATT;636,252
GCCAACCGAG;5,69,608
GGTCTCCAGA;656,313,692,410,140
GCTTTTTTGT;309,387
TGACTTATAG;160,698
GTTTCCATAG;455
GATTAGAGTT;434,754,125,410
CCTGCCTTGC;587,102,123,11,74,2,316,451,316,632,5,619,615,426,432,574,277,343,488,249,483,222,767
GTCATTACAT;217,502,649,794
TTGTGCAACT;698,489,556
CAGGGTCGAC;573,643
GATAAATTTA;794,444,776,754,663,465,287
ACCCATCCCA;765,397,732,208,523,59,611,679,508,331
CGGCTGTTCC;483,583,39,145,25,623,654,252,80,592
GCTAGATGCG;796,565,540
TATCGTGCTG;17,374,411,677,490,720,441,242,633,33,118,422,667,271,532,317,160,0
TTCATGGTGC;50
TGAAACCGTA;106,539,553,573,739,692,570,30,400,443,746
TTGGATATTT;455,612,311,585,261,272,0,106,725,510,609,683,201,535,787,556,762,632,243,230,432,662,659,310,604,25,107,374,243,755,478,619,539,103,523,358,738,707,642,349,683,124,586,565,362,333
CGGTGCCAGA;396,357,465,543,324,420,686,567
GAGTCTGGCA;315,464,376
CTTTCCCTTG;82,792,467,47
TCCCCACTGC;32,338,708
TTTATAACTG;59,214,112,459,621,617,134,12,430,51,219,439,643,339,568,276,15,751,507,558,110
TTGGGACAGG;700,472,650,364,404,529,129,269,340
CTGGTGAGTC;145,538,249,405,675,261,89,748,722,461,192,239,573,97,646,714,173,750,538,42,761,199
GGACTTGAAC;373,411,514,12,107,30,764,646,543,504,654,478,251
CTTCAGAGCG;33,738
TCACTCAAAA;132,460,283,368,138,390,511,226,532,690,565
GGTCCAGGCA;39,11
ACTGACATAA;721,578,368
GCAGCACAGA;409,188,503,677,179,229,705,296,473,454
ACCTACAACA;585,606,183,228
CTAGTGAATG;767,379
AAAGTGGGTC;545,510,22,630,387,270
CGGTTAGATT;442
TTAGTCTTCA;505,499,503,212,372,471,712,239,641,263,534,597,304,132,130,496,482,655,71,454,121,446,497,8,332,457,601,646,438,594,458,97,273,628,445,765,570,559,167,64,655
AGATGGGCAG;126,9,106,183,94,317,518,161
ACTTATCTAT;289,442,395,551,571,0,432,518,130,612,427
ATTGGAACGT;476,325,777,766,375,538,551,600,589,466,99,464,328,442,153,184,578,226,147
CATGTAAAAG;779,452
CGGGAAGCGA;551,494,519
TGCTAAATTA;690,660,521,799,699,264
TATACGCATC;49,224,245,110,587,119,129,342,333,751,639,646,400,136,763,289,688,738,785
CTTTATTTGG;210,536
CAGTGCGACA;648,439,526,397,102,439,439,84,516,273,714,153,210,780,36,0,326,784,362,738,280,459,18,681,532,372,767,369,162,689,88
GGGGTGAAGG;779
GGGCCCGGCT;256,139,181,298,476,87,146,285,729
AGAGCTAGCC;799,417,295,349,338,174,430
CGCCCTTTCA;790,263
AAAATCACGG;616,487,589,108,591,574,139,178,620,143,645,195,191,225,668,329
CAATATCCCA;348,547,173,366,468
GTCACACTCG;666
CGATATAAAG;671
TTCACGGGCG;762,524
TTGGAGCAAA;132,506,143,296,591
CCCGAATATC;597,533,287,436,476,265,775,473
GTGTTGTTTC;158
ATCCCCGAGG;288,374
GAACTGTTCC;286,14,257,60,480,794,298,324,785,798
AATAGGGGCA;585,692
GGGGTATGCG;419,481,692,798,251,248,66,296
ATCGAATAAA;152,159,784
AAAACTGGGA;42,77,74,720,402,73,115,453,216,466
TCATAAGGGA;407,614,221,579,37,61,597
TTACCTATGA;96,450
CCTGGCCATA;701,252,714,495,771,786,243
GAGCTTATTA;767,448,328,113,566,124,209,465
TAGAAGAAAC;565,327,97,759,182
CTAAGCGGCT;751,567,485,176,683,738,331,380,253,329,652,656,96,584,586
CTGGAATTTG;570,501,296,581,50
CTTGAGCTTC;188
TGCGTATCTG;758,348,85,80,176,598,688,308,258,607,121,377,719,175,714,205,449,359,613,619,57,45,707,386,117,796,791,597,386,547,495,283,529
AATCCCGTTG;449,181,499,463,97,214,469,765,410,793
TAACCGCCTT;774,225,238
GGAATCGGAT;26,192,94,655,541,257,434,400,462,449
AAACTTCCCT;568,214,721,780
AAAGTGTGTC;369,797
TGCTGGTAGT;751,713,468,454,539,339,465,536,439,245,494
GGCCGGACAA;558,93,648,450,693,335,135,750,260,770,357,274
TGTGACATTT;652,511
TCATCAAGGT;127,264
GCGCACCGAT;425,717,544,743
AACTGGGTTG;209,447,430
CATGGATGAT;638,160,551,374,721,182,405,308,421,200,152,712
TTATTGTTAC;243,298
TGCTCCCGGG;435,740,763,201
CCGGCCTGAT;29,226,593,614,151,788,492,246,681,494,358,464,567,320,10,602,781,193,226,724,100,327,113,794,537,455,498,464,614,771,286,243
GGAACGGTAG;75,251
GCGTTGACGG;368,53,42
ACTCATTACC;64,375,240,103,12,102,14
GAACCTATCT;553,325,198
CTTTGAGGGA;284
TGTTATTGAT;669,525,258,227,296,289,773,784,739,94,187,292,447,334,431,621,147,596,621,625,62
TAGTAGAACT;233,211,660,549,3,558,710,769,234,534
CACTTCTTTA;514,24,710,318,182,489,474,440
ACAGCGTGCC;145,583,151,555,646,181,597,292
TGAGTATATA;220,39,189,500,592,209,425,732,152
TCCTACATCA;494,101,724,119
GAGTACATTT;574,303,214
ATCGCTGAAT;501,128,635,684
CAATACGGAA;381,203,411
TAGCTCGTCA;280,730,94,166,657,245,617,495,425,613,796,72
ATTAGGTGGT;693,61,108,177,303
TTGGTGCGCT;739,167,336,141,503,376,711,92,778,315,293,385,83,677
TCTAGGATGG;307,136,479,795,638,644,346,220,682,248,609,555,605,519,304,442,609,512,703,134,575
CTGGACAGCA;566,368,79,647
AGCCTGGGTG;410,326,239
GTTCGTCACA;455,599,777,249,755,634,101,760,304,471,366,85,248,533,775,168,583,589,633
TGCTCGGCTG;232,773,726,770,276,263,130,789,744,653,613,293,261,215
TTGTCAAGAC;710,441,545,182,214,689,563,49,787
GTCCCCGCCA;413,660,589,290,699
GCCGCCGAGA;756,476,537,527,449,479,222,689,96,338,1,411,282,242
CTAAGTGATA;642,583,39,185,685,590,276,100,171,606
GCCGAGAGGC;373
AGCTGGGCCC;438,47
TATCAACTAG;451
TTTAGCGCCG;22,658
CACGATGTGA;341,289,418,787,587,93,472,273
TAGTCTCCTC;778,149,519,529,280,149,60
CTTTAGGCAC;135,513,741,536,278,592,88,246,649,554,678,494,180,525,521,71,724,508,448,718,496,741,123,571,399,286,679,219,737,528,481,586,650,429,775,142
TTAAAATTCG;767,129,165,135,288,226,408,578,202,780,6,750,421,552,86,474
CTTATTACCA;716,484
GCCTAAACAT;45
CACCGTACGG;88,517,205,766,642,553,661,235,91,631,209,142,215,623,295,5,77
AATCATCATG;22,110
ATTCTCTATC;563,241
CAAACGTTCG;171,319,409,323,487,148,599,732,101,788,243,450,651,529,661,182,523,614,298,742,298
AAGGTCCGAA;80,274,630,305,437,798,77,149,794,603,295
ATGCTTCTCA;690,266,375,746,526,453,191
GGGGGACACC;554,126,4
GAACAAGAGA;119,7,290
CGTGGGATGG;274,531,684,291,494,356,320,704,527,27,708,438,459,211,640,119,416,296,647,298
GCCGTACGAC;682,750,369,642,553,78,707,610,667,331,449,619,294,182,288,348,44,54,416,774,46,289,702,37,488,574,170,222,759,12,587,347,66,766,625,129,264,7,367,243,199,345,757,759,415,161,27,650,789,608,149,22,260,145,380
ACGCGTTATT;699,333,568,613
TCCAATAATC;269,391,199,332
GAATAATCCA;64,553,597,631,106,325
CTTCAAATTC;294,1,111,280,505,730,4,733,468,656
GTTGTTCGGT;69,254,516,583,108,621,636,308
AACGGAAACA;241,701,235,461,639,13,520,683,569,666,704,173
CATTTTTCCG;320,400,187,470,258
CAGGTAAACG;478,69,124,254,657,141,408,8,465,451,305,82,568,520,273
CGATATGCGT;30
CCGAAACTAC;607,475
GAAACGACAA;690,425,21
TAGCCGTGTG;81,383,531,743,486,406,412,408,354
TCCTCGGGGT;223,410,114
GGAAAACGTC;711,224,613,174,756,14,743,444,487,430,591,789,368,366,712,413
GCTTATTGCA;651,492,637,291,358
GAGGAACTAG;714,772,91
TGCCAACCGC;353,682
GGTCCCTGGC;446,536,305,535,267,603,500,550,640,230,461,324,479,270,751,143,247,449
TCCATTGCGG;498,291,468
TCCGGTACGA;101,230,644,550,284,647,267,341,408,196
AATTGGGTCA;484,140,721,58,282
TTAAAGGGTC;681,364,729,439,675,444,71,290,644,348,560,539,130,510,736,145,674,87,752,426,167,774,624,427,455,99,442,556,493,96,60,585
GACGCCACAA;20
GTGCAAGCAA;317,154,736,357
GGATGATTGT;738,266,673,116,209,606,311,329,761,350,251,35,476,144,598,611
GTATTTACAA;270,596,393,541,753,59
TACAGAATTT;687,788,586,442,702,506,200,548,607,467,286,31,427,603,255,527,789,522,728,28,769,396,306
CCGATACGTT;142,765
ATTAACACTG;277,435,375
GCCTGTACTA;208,684,102
GGGCTCTTTC;543,570,452,543,63,781,241,43,464,303,50,739,190,11
AAGCTTATTG;169,331
CGAGCATAGT;452,582,520,328,110,783,746,783,221,153
TTTTGAATCG;618,528,698,613,363,409,602,492,289,55,663,624
GTGGGTTAGA;682,517,163,647,145,603
TCCCTTATGA;516,214,225,38,188,63
AGATCTACAC;701,16
TAGGAACTTG;418,526,428,565,105,454,539,366,12,527,576,266,189,394,337,368
AAACTTATAC;237,59
AAGCCGTCCG;679,275,406,209,195,4,292,289
AGGGGCATTC;509,363,187,766
CGGAAATAAC;568,181,640
ACTTGGGAAC;158
CCAGGTTACT;15,778,709,359,742,21,707,748,477,146
CAATCAGTTC;476,354,266,443,114
AGCATTGCTA;325,89,252,523,321,99,779,676,443,696,533,765,658
CCTGCATACC;350,412,310,705,301
ACATATGCGC;9,702
ACACGAATCG;782,349,321,560,513,44
ACGGTCCGCT;491,433,779,267,97,655,158,773,130,100,476,643,393,4,468
TCTAGTACTG;701,449,2,449,302
ACAGCGTTAG;404,83,486,634
ATGCTTGGTG;681
GATGTTACAC;566,353,573,626,749,41
TGTACGAGTT;288,536,410,271,66,531,732,42,622,578
GGTGTGCCAA;704,444,101,229
TGTAGCTCAT;478,613
AAACCCATAC;258,756,761,67,632,504
CACGCGAAGA;333,421
ACTTCTGCTC;479,525,93,267,535,392,386,398,564,54,546,654,765,142,21
TCTCGACCAC;299,659,325
CGTTGCAGGG;641
CGAGATCCGA;532,762,152,195,269,654,451,125,697,648,345,620,598,571,759,219
AACAACATCT;427,163,781,783,216,750,785,115,115,494
CCAGTAAAAG;492,621,19,327,309,694
TGCGCCTGAT;96,219,540,167,641,112,410,110,728,491,778,671,745,401,333,181
GCACCGGGGC;134,191
ACGCCACACG;704,15,713,81,726,605,92
CCAGTTTAGG;430,631,73,230,393,293
TCCAGATTGT;116,300,416,148,487,447,315
CGGGACTACG;361,694,208,228
GAGTGAGCTA;514,605,572,188,419,447,320,765,377,429,324,171,632
TTCTACGCAG;571,222,651,269,627,115,118,462,581,692
CGTGCTAAAT;479,630,248,624,365,406,762,221,672,387
ACGTCATCCC;484
TTGGGTACAA;477,647,258
TGCCCCGTTA;764,474,255,575,146,364,107,613,361,425,444,87,291,746,366,486,565,194,543,237,158,672,21,519,504,37,89,693,263,680,448,620,696,278
TGCAGGGGTT;493,636
TCGCTGTCAC;684,540,575,534,132,84,167,319,331
CACTCTTCAG;101,468,743,198,626,442,736
GTTCTACCCG;391,229,456,722,418,262,696,17,442,704,641
GCTAGACGGA;766,683,506,146,537,568,45,618,630
AACGGAAAGG;716,747,166,459,408
TTAATACCGG;67,775,573,284,781,327
AAAGTACACT;279,722,63
CGCGTACCGA;291
TCTTTCCGTC;449,333
GCGCCACACA;368,292,414,354,659,284
CATTGGCCGC;269,374,618,440,52,374,100,460,272,471
AGAAAGAAAT;175,228,633,196,732,748,250,718
ACAAATCTCA;338,259,465,28
ATACCACCAG;781,220,286,325,424
TCCCAAAGAT;688,426
CAATGCTGCG;106,294,171
GAACACACTG;508,570
CCAGGTAGCG;598,70,55,187,153,708,385,59,284,706,270,442,266,781,27,681,391,350,305,323
AGTCGAAGAT;564,202,799,82
CTGAGACTCG;138,348
GCAGCCAACC;65,158,736,629,112,624,102,340,282,796,621,17,281,134,746,213,196,500,99,53,63,206,165,25,747,539,232,608
CCTAAAATTA;262,190,137,629,778,353,307,344,115,291
TGATTCCATC;212,161,135,28,428,51,643,795,529,526,329,759,342,105,731,534
ACTAGTCCCA;126,393,98,681,82,445,254,124,307,116,377,511,583,282,560
ATGGTCGGGA;624,269,631,373,315,448,441,369,306,48,266,137,296,771
GAGGGCTTGG;156,7,314,56,762,662,302,473,274,115,147,101,474,580,195
TTGGGAACAT;225,714,741,353,231,578
TTTCCCCACA;760,513,372,398,172,390,397,657,74,643,196,504,512
GCAGTCTGGA;198
ATAAGTCAGA;233,366,349,308
AGCAGCGCAG;599,455,631,737,536,339,324,171,259,716,707,59,773,650,439,539,540,94,713,661,100,609,423,407,430,38,107,52,225,357,58
TAGAGCTATG;490
AATCCCGTTA;362,719
GGTTTATGGT;549,43,433,82,433,64,622,687,118,389,499,744,256,394,302
TATATAGCGT;108,499,297,778,435,139,438,678
GGAGTTGGGG;529,618,780,757,33,19,767,181,111,228,460,494,436,1,418,202,211
ACGTTACAAT;572,91,673,772,142,11,34,562,85
TCAGGAGCGA;750,137,438,48
GAACCGAGCG;535,398,114,105,752,164,185,283
GAATTACCAC;775,269,601,406,506,251,477,61,501
TTCCGTCGAT;159,625,599,92,527,489,79,335,452
GATCAGACCC;690,204,227
ATAAATCTCT;538,80,159,619,92,652,704,72,699,427
CCTTTTTCTG;477,368,468
CACAACCCAA;707,286,720,203
AGTGTCGCTA;259,510,454,142,593,769,645,467,347,333,781,439
GCGGAGGTGG;66,29,51,553,37,165,696,34,83,262,245,662,550,462,553,394,102
TCTGTCCGAA;675,426,477,175,673,253,257,438,76,769
GCTATCCAGC;651,121,226,123,395,696,727,734,151,487,331
TACTATATCG;543,425
GAACATTGCG;385,286,244,407,180,278,642,504,559,84,711,662
CTGTAAGATT;283,81,394,794
GTACTAGAAT;596,634,348,739
CTTATTCCAC;770,189,490
CCTTTTTGGA;294,760
GCTGACAGTT;49
TCAGGACCTC;236,75,478,625,22,677,513,61,624
TGCCGAAGTT;471,616
CACTCCTCTG;552
TTTTTAAAAT;91
GAACGGGGAA;728,319,156,112,652,786,491,421
TGGTCTTCGG;407,279,601,790,616,697,421,649,118,721,644,20,0,446,548,275,424,572
CCCAATGAAC;681,261,391,384,8,295,549,20,19,511,433,0,228,380,594,652,388,796,566,86,469,787,754,91,37,30,235
TAACCCAGAT;260,43,538,435
TCCGAAGCAG;648,566,706,577,46,772,702,750,133,58,450,460
GAGGTACTAG;227,90,51,460,374,663,775,103,770,335,218,571,552,66,332
CGCTCTTTTA;245,89,253,687,352,705,298
CAAGACTTAT;238,672
GTTGTGGGCA;677,378,365,696,87,56,523,506,524,189,620,321,377,368,136,705
ATAACGATTC;651,636,309,230,237,644
TTAGGGCGCT;526,119,597,146,767,553,562,752,749
CAATAGACCT;206,84,648,154,534,735,69,483
CAAAATTCAG;160,703,350,468,791,676
ACCGGAGGAT;289,196,321,123,147,356,670,559,158,198,599
TTGTTGTTTT;344,83
TGTCCACACA;174
GACACGCACG;134,799,280,588,509,260,479,447
AGGCTTGCTG;611,419,137,118,367,487,693,672
GGTGCCCAAC;466,390,355
CTCCTGGTTT;694,644,363,31,477,456,518,707,474,794
GCCCAGGGAC;672,146,144,183,345,506,189,135,552,154,364,720,27,353,665
GCTATCTTTG;295,129,474,748,522,76,745,782,5,46,713
AGCCAGATAT;154,488,462,42,381,432,309,322,334,383,652
AAAGAAGAAG;292,114,67
TTTGAGGAGG;183,266,743,676,422,206,705,224
TGAAGTCTCT;606,94
TTCAGGTGGA;792
GGCCAACCGT;4,614,538,490,206,434,427,53,364,570,524,695,458,710,333,62,330,19,597,216,570,200,727,654,581
TCACGTCTCT;262,67,66
TGGTGCACTT;220,183,676,189,317,728,223,438,250,37,43,395
TAGTGATTGT;623,545
ATAGTAACAA;41,518,36,54
TTCTCCAGCA;440,228,39,96,793,477,148,537,131,54,288,640,369
GCGGCCGCCG;305
TCAGGTACAC;500,28,44,611,731,54,489,658,341,69,768,176,167
GCCCAAATGA;553,21
TCGTTAGTGC;494,591,3,496,26,171,216,65
GGAAATAATG;635,23,294,644
TGGGCCATGA;112,204,134,419,732
GTCTTCCAAG;529,383,369,798,776,721,216,609,780
AGACCTCCGC;590,273
GCTCTCCCCC;490,299,521,367,645,29,796,78,527,134,335,291
TCAACGTAAA;293,283,182,483,691,34,541,573,560,67,519,76
GCGGACGCTG;6,602,602,606,601,406,87,119
GCAATTATCT;131
CGGATGATAT;360,336
TCAATGGTAC;385,343,109,406,525,580,272,198,748,10
ATGGTAGACG;649,648
CTTGGGATGA;413,375
TTGACGAACT;207,749,760,301,716,714,765,467,329,305,619,95,408,380,343,46,573,234,120,421,206,482,520,621,120,241
GCACGGCGAG;234,343,519,114,677,599,758,300,512,592,71
TACGATACAA;114,540,475,364,627,797,580,157,574,191,750
CGGAGATCAC;795,420,645,617,31,279,779,754,612,376,412,440,378,217,152,736,755,360,533,96,513,670,664,759,5,487,502,686
TGACCCTATT;44,218,274,362,518
GAGGTCCACT;310,400
ATCTTATCCG;381,42,348,261,67,143,330,467,342,594,107,511,661,458,347,14,162,663,247,780,100,516,297,543,453,75,72,410,104,312,530,688,484,768,670,437,134,756,45,452,768,342,197,373,637,258
ACTAAGGACC;216,195,468,422
ATATATTTAA;609,726,791,736,118,413
GCAGAGTAAT;717,737,132
CCTTCATGTA;257,588,51,458,174
GTGGCTGACA;671,546,260,307,603,99,165,747,581
TCATTCTGTT;154,49,606,299,742,649,578
GTTACTATAG;342,426,187,400
AGAACGGCCT;40,194,253,766,330
TACTGACCTT;520,366,789,697,734,24,386,596,285
GTTGAACCAT;764,423,621,422,460,486,102,294,291,38,109,362,279,539,661,109
GATAAGATAA;12,228,568,408,480,122,463,120,194,4
AAGTGGTGAT;329,362,555,537,172,229,743,19,259,208,154,339,56,288
TCAGGTGGAA;431,703,316,21,122,56,744,729,57,563,411,237,510,421
CGTATCACGT;618,129,224,742,372,447
TCAGTTGACG;783
TCAACTAGGA;218
GTTTGCTTTA;275,471
TGTGCTCATA;64,659,503,123,709,396,425,126,277,397,89,173,342,285,464,101,266,752,735,271,172,66
AGGCTGGTTA;133,668,364,741,223,717,315,534,565,193,149
TTACCTTTGT;502
CCGAGCACAG;208,560,748,512,156
TACATGACTC;443,784,453,745,417,441,223,265,146,574
TGTGTGATTC;61
GACGATGGTC;792,476
ATGCCTTTCA;651,321,306,155,410,413,471,607,692,730,123,683,200,569,521,611,497,763,9,25,191,48,309,697,714,456,559,281,473,81,201,224,246,752,791,456,661,141,448,165,292
GTGCTCCCGG;143,353,711,712,671,102,27,329,179
GCGGCTAAGC;556,628,566,317,303,90,69,178,31,304,286,423,653,691,761,554,409,578
TGCGAGATCC;314,520,447,255,770,333,137,730,224,668,127,98,475,720,288,542,543,519,451,336,604,115,159
TCTGGATGGC;206,379,643,213,597,596,132,636
TTTGCTATCC;502,796,215
CACCTCGTGG;564,232,224,718,251,91,564,652,383,190,58,50,291,571,569,507,637,554,151,82,761
TGTATCCTGA;506,397,429,255,9
GGAACGTCAG;261,182
GTTCTGGGAT;690
GCAATTTGAG;668,123,526,688,522,731,32
TACGGTATAC;182,210,377,263
ATTTCTCTGC;538,111
CCTGACCGCA;337,251,496,253,429,793,392,371,219,152
GAAGTACACA;213,226,85,231,701,386,161,332,473,447,666,94,236,332,253,178,348,693
GACATTTCTT;282,515,322,140,429,181,504,468,571,464,230,595,84
GGCACCAATA;345,454,495,49,330,127,169,46
ATCCAAGGCG;484,54,568,670,695,783
TGCGTACAGC;714,711,31,760,394,58,700,129,432,721,506
TCGACTGGGC;738,715
CGTGAGTGCA;189,452,502,261,100,403,457
CATCGAATCG;524,535,418
GAATTATAGC;183,591,679,257,224,392,556,8,426,384,24,43,60,519,106,599,137,657,204,203,104,681,12,302,474,113,18,11,441,672,499,563,390
TGAATAACTT;60,47,166,463,37
GGCTCTAGAG;195,683,567
CTTGTAAAAT;207,190,612,198,691,686,34,756,275,69,62,305,96,774
ATCATAAGTC;355,611,679,393,461,131,288,171,713,704,177,781,508,357,235
GGGAGACCCT;373,754,522,366,636,330,194,325,266
TGGTTACACC;490
GGTGGGAAAC;494
AGCATCCCTC;332,228,171,165
TACGGTTCTT;174,425
GGTGCAAATT;298,463,644,685,379,603,274,153
TATTGTAGAT;727,278,470,47,199,659,781,227,750,168,306,26,177,42,458,726,616,352,61,386,69,690,601,522,604
TTCCAATATA;439,543
CTCCACGAGA;650,295,507,470,500,343,467,104
GCAGGTGGCC;783,333,755,794,784
GCGGTTTCAG;684,27,64,649,255,157,525,362
CTAACCTCGA;429,166,238,5
ACCGTACCTA;558,731,364,112
TAGTTGAGAC;84,77,53,141,567,251,644,647,251,587,449,171,597,451,251,311,601,501,742,201,715,103,289,604,741,744,3,177,726
CCGTAAGACC;786,740,518,582,711,404,54,111,302,454
CGTTGTTAGG;424
CCTTTCACCA;125,276,196,21,91,314,655,169,332,745,1
AAGGTCAAGA;182,734,517,181,130,172,374,316
ACTATCCCCA;745
TAGCTCCATT;142,408,152,695,593,384,120,522,760
TACCTCCGTG;179
GTAAGTACTA;459,760,306
AGGGGATGGG;795,363,401,287
GTCGCGATGG;568,398,534,592,638,2,506,583,224
AGCCCAGCCG;269,504,52,104,49,341,367
CCTGATCTAC;109
TAGGCCTAAC;383
GCTTCCGTAC;570
CGCGCCACTA;175,328,528,152,199,9,112,60,52,154,782,225,460,360,355,287,31,391,300,245,543,358,358,565,510,172,110,70,624,191,517,423,57,764
GGCTGGCGAC;382,762,85,143,727,319,696,46,37,426,282,207,336,170,176,47,137,663,525,180,603,679,398,379,3,785,581,623,133,756,699,423,305,683,51,798,398,257,328,74,529,97,196
CGGGAGTTAC;404,732,107,148,481,28,384,291,154,0,440,89,308,334,742,304,102,149
GACCGGAATA;262,45,409,639,512,384
ACTGAGGCCA;506,795
GGCGGTATCG;374
AAGCCCTTAT;795,99,496,137
ACTTTCTTCT;771,365,207
GAGCGCCTAC;183,665,362,224,42,115,595,454,150,657,400,428,250,280,28,564,139,305,348,706,185,520,408,260
GGTGGAGTTA;494,138,11,101,730,150
ATTACCCTCC;65,493,610,734
ACGGTTGTTG;204,723,768,644
ATGCGGGATG;51,251,479,115,176,133,289,122,153,375,243,772,1,767,641,290,84,161,482,396,160,531,8,718,388,349,208,323,334,150,709,253,415,46,758,623,361,589,266
TGCGACCCTA;357,153
GTTGCATTAG;552,680,707,303,201,212,747,106,460,122,782,333,609,570,322,660,441,713
CTAGTTCCAT;221,8
GGCAAGCCAT;402,741,517,246,249,336,664,28,480,23,686,252
CAGCGTTGAA;715,250,395,145,289,327,153,268,619,195,50
ATTGGCGCCT;756,306,79,707
AACCTTCCCG;777,27,295,448,300,119,527,461,447,48,797,639,793,12,695,467,690,594,169,70,369,141,397,19,753,255,625,175,791,38,559
GTTGGAGGAA;128,49,743,518
TAATGGTATA;602,334,588,781,106,276,425,113,245,160,477,52,317,695,178,548,288,656,247,788,340,530,523
TCAACCTATC;325,455,544,264,448,618
GGCAGGGCAG;753,299,628,185,734,222,405,356,26,36,170,408,317,738,542,188,602,338,473
GAAAATTCAT;171,36,100,509
GTGGAGCTGC;129,663,156,44,637
ATAAAAGGGG;727,206,388
TCTTTTGCTA;788,123,540,337,732,586,530,246,415,472
CGTTTGCCAG;351,280,520,799,648,257,593,13,753,161,742,794,111,495
GGGCGTCGAG;706,337,223
CATTCGTCAC;431,110,771,647,243
ACCATCCTTA;122,244,18
GGGGCGAATG;294,471,450,283
TTGATGGCAA;295,744,651,655
ATACGTACAA;589,144,384,47,725
CACCATTAGA;3,487
TCCAGCAAGA;11,568
GCGGAATGAA;549,317,494,121,430,738,729,511,432,362,485,776,158,91,428,626,235,398,39,411,545
AATGGGAATT;107,203,318,202,491,181,684,417,669,165,697,445,70,459,342,508,395,795
TAAGGAGCCG;178,43,321,713,502,55,525,77,263,634,420,765,675,703
CGTCTTTCCA;685,736,552,107,762,12,679
ACATCTAGGA;650,372,250,77
GTCCATGCAG;24,761,645,560,649,646
GGAAATCCAA;111,44,355,363,565,566,360,276,478,525,379,266
TTCGCCGACC;204,13,265,667,52,371,25,182,784,215
GTGACTGCGA;59,150,250,457,631,470,117,659,197,20,117
AGGTAAGGTA;718,737,446,417,300
GTTCCGCTCT;289,414,733,706,17,793,395,605
GGATGTCCAT;661,315
GCTCACGCGG;629,292,33,56,466,540,41,653,544,392
CGTGGCCTAG;234,421,193,589,554,321,608,412,282,319,345,173,645,417,723
TATGTATAAC;613,165,130,585,797,788,580,792,427
TCGATGTCCT;70,128,43,436,214,542,297,621,621,474,480,154,374,242,344,694,411,113,453,360,64,773,621
CGCTAGCGAG;303,134,127,386,741,605,82,699
AGCGTTCTGC;686,323,27
TGGACCCGCG;508
CGTGGGGGTT;724,353,457,506,574,274,69,784,595,681,169,183,359,472,499,631,600,325,489,508,770,681,798,796,72
AGGACTGATC;167,31,180,295,293,631,345
GTGTCCATGG;415,385,757,480,310,383,712,796
AGCTTTTTGC;719,314,796,767,83
TACTTCGTGG;3,687,192,628,480,355,737,465,531,507,289,176,77,225
GCGCAGACAC;737
TAACGGGCCT;795,631,137,141,85
TTGAACGCCA;753,50
CATCCATGGA;289,517,93,393,360,759,370,571,717,225,557,273,322,771,456,274,39,489,139,574,82,595,505,678
ATGGGCATAC;174,553,597,136,192,396,599
TCAGGTTCCG;354,673,761,471,407,790,307,33,461,762,287,786,569,605,645
GACTTCATCG;121,133,51
GGTCCAATTC;683,428,302,457
TCTAGGGGCG;249,108,307,537,411,672,785,66,309,205,139,63,204,283,557,381,427,74,90
GAATGCCAGA;178,292,354
TGATCCATGA;567,237,26,697
GCACGTCACC;537,321,41
ATTTTTGGAT;632,488,77,137,587,678,561,311
CGGTGACTCT;271,683,477,482,195,297,798,86,681,297,239,47,181,718,531,700,686,762,638,131,132,335,604,138,469,25,223,428,783,221,557,503,606,126,358
TGCTGCGCTT;544,581,332,396,735,33,488,546,767,413,249,633,40,704,327,575,295,603,141,714,348,429,116,557,18,747,74,793,288,71,128,129,104,226,301,437,698
CGCAAAGGGG;798,363,441,282,291,302,678,403,96,107,191,523,296,752,210,751,562,494,189,558,245,794,387,244,483,683,54
CCATTGTTTT;489,189,272,82
ACATCGCTAT;248,412,500,162,294,238,488,544,727,789,366,96,683,284,263,460,85,579,674,460,682,231
AACTGTCACC;50,319,590,183,390,376,702,148,73,64,795,541,587,793,217,598,733,699
ATTGGGTTGC;737,590
TTAGTCACTA;118
TGTGACGTTC;400,231,178,407
CCATCTACCA;250,529
TAAATGATGA;52,210
CTTGCCACCA;398,239,396,436,258
AGGTTTGATG;766,679,355,203,366
GCGCGCTCAA;441,787,463,234,338,445,315,532,185,513,283,577,311
GGTTGCGAGT;568,660,326,62,503,459,345,729,281
ATCTCAAGAT;135,11,367,578,316,205,137,129,789,60
CTGAACGGTG;655,31,649,798,8,257,687,340,228,293,139,256
CTTTTTAGCC;147,259,207
AGTGCAACGA;669,96,31,283,8
CAATGATACG;343,776,75,418,595,136,331,334
TCCGCGATAA;761,780,465,453,584,298,430,739,743,95,675,738,17,271
CCGAGTTAAC;138,392,287,53,619,468,674,513,621,452
CGACGTTACG;284,229,760,678
CTGCAATCGC;192,429,513,799,212,574,526,2,15,134,441,424,749,197,717,749,225,170,324,127,338
CTGGGCTGTC;326,677,64,219,433,272,599,375,339,609,587,680,483,356,187,613,113,623,274,778,664,63,13
TGAATGCGGG;19,274,238,680,69,673
ATTTTCTGGC;750,294,426,337,423,215,65,363,333,734
CAATTCGAGG;724,332,268,795,781,682,491,268,366
CATAAATGAA;249,767,476,363,581
TCTTCTTCAG;518,167,8,763,391,80,104,722,426,263,61,401,248,218
TCCGTAGCCT;436
CGACGCAGCG;35
CGCGGAAGTC;115,1,445,587
AATTCCATCT;659,90,431,789,29,614,425,767,399,560,44,63,46
CCCATGAACG;360,393,609,474,283,775,326,276,697,202,724,479,684,115,143,703,444,382,451,754
GGTGCTCATT;791
ATATCTTCGA;255,450,429,753,310,369,782,609,764,451,524
TCGGCCAGAA;452,461,526,669,762,26,512,20,477
TGACGCGAGG;43,747,124,379
GAGTAGACAC;780,701,249,360,748,750,311,554,95,706,27
AAAGAGCTTG;497,628,397,618,588,216,92,650,255,170,762,790,138,258,374,116,606,51,762,471,598,513
CGTGCGAGTT;745,276,337
AACAACGTAT;382,533,314,562,62
ATCTCTTGCG;253,428,582,408,19,84,795,433,514,719,300,560,247,669,604,350,63,323,774,221,387,417,284,140,111,520,222
TGTCGGACTT;706,300,697,745,188,723,689,62,579,405,486,212,128
AAGGTAGTCC;480,193,322,344,707,92,581,195
TTCCTTCGCA;162,772,558,419,602,10,549,641,140,610,606,431,69,304,582,704,73,609,563,322,727,612,746,100,157,527,84,173,284,605
GTGGATTCAA;214,28
CTTGGCGATA;493
ACTACTGTGA;380,638,750,343,77,331,419,265
ACAGGGAAAC;61,152,733,293,779,636,616,515,241,624,716,592,682,83,123,53,563,745,156,748,159,125,573
CTTCAAAGGT;31,377,92
TGTCAAAGTA;94,478
TCGTTCGCAG;144,741,69,241,214,698,15,152,273,173,700,237,211,772,713,377,246,421,550,200,172,73,76,385,49
TAGCATACGG;542,163,587,624,194,688,364,317,424
ACGCTATGGG;24,416,298,585,91,513,77,141,459,795,540,448,13,216,181,88,504,265,29
AAATGAGCAT;413
TTCGTCGGCC;305
CGTGTCGGGG;413,146
GCAGAGCCAT;795,248,466,743
GTACCCGCTC;8
CTTGACGACG;309,638,690,586
CGGTCGGGGG;179,205,250,710
TCCAAGCCTC;270,388,103,211,157,543,243
GTGATCTTAT;187,456,53,241,205
GATACATATA;259,133,730,608,111,160
CTGCTTACGA;634,771,22,58
TGTTTTGAAC;281,351,421,717,149,48,312,427,212,142,123,280,322
ACTTTACGTG;503,729,110,218,690,586
ATTATAGGAG;280,435,357,595
ACTACCATCG;696,569,213,291
ACATCCAGCG;618,591,455,728,134,646,404,325,642,497,740,591,685,175,405,262,166,620,275,342,305,28,654,463,550
CCGCTCACCG;309,16
ACAGCCATTG;642,614,43,429,757,92,19,248,451,691,44,531,57,64,130,164
TTCGAAATTA;350,689,677,436,782,735,579,117,456,663,531,548,205,125,259,763
GTAGGTATTT;229,432,237,353,183,22
GCCATGATTA;508
CCACGTCCGG;253,323,588,792,2,659,199,39,238,184,547,270,451,497
TTATCTAGTT;85,531,670
GACACTCACC;341,778
ATTGGAATAG;752,487,243,199,399,352
CCTAGTTCGC;207,268,91,408,565,478,54,202,158,761,713,560,539,746,376,323,284,4
CTGGGCTCGT;84,531
ATTTCCTTCA;566,259,622,305,793
GGTACTTGAG;724,402,716,104,490,599,107,45,672,287,458,742
TGTGATTTAA;444,749,535,624,690,664,593,206,403,493,420,153,378,552
GTGGTAGTTC;640,293,362,331,770,266
GCCCGCGGGA;645,428,545,479,694,589,717,764
ATGAAATTCC;673,410,541,195
GGGACAAGAC;125,313,498,114,665,595
GCTAACAGCT;509,693,52,11,709,481,568,255,250,448,703
GGTTTTCGTT;336,383,263,402,378,682,91,386,518
TGATTTCACG;238,227,54,497,635,311,669,46,444,798,595,116,22,702,75,156,9,659,256
CTACAATTTA;73,402,141,446,46,619,14,253
ACTCTTTCTC;348,375,152,471,113
GGGATTGTGA;269
TCAGCTTGAA;478,762
TCCTCAACAG;587,22,152,456,408
CGCAGAGGGT;607,282,90,761
GAGGACTTTT;560,774,431,705
TGAATCTAGA;108
ATCTAACGGC;689,184,216,799,51
GCGTCTCATA;232,391,397,332,168,769,509,796,628,709,676
CGCCGGTCGG;104,665
CGGAGTTATT;501,350,626,110,386,602,571,80,616,64,769,578,325
GACTCTCACG;761,578,647,533,78,235,746
AGGTCTGTCA;765,358,306,492,44,670,81,12,49,562,26,590,752,245,451,233,699,377,548,428,507,615,546,589,381,127,95,489,439,633
ATTCGTCCCG;420
TCATGCTCGC;623,551,344,131,3,407,680,770,608,18,568,233,196,227,246,473,785,143,250,599,88,322,244,562,281,426,540,454,451
CAAGAGTAGC;722,112,168
CCGCATAGAG;186,493,301,753
CAGGACCCTT;768,48,416,226,241,765,268,295,473,773,179,170
AATACGAATG;191,535,515,280,222,463,291,452,767,370,748,713,504,3,795,64,65,41,435,576,566,540,376
GATGAGGACG;299,1,346,177,239,491,741,115,138,182,638,753
CGCACCATGG;670,343,0,8,95,251,17,542,718,486,45
CTTGCACGCT;370,364,99,785,167,392,207,658,25,396,343,733,630,201,731,717
TGTTCGTTAC;420,345,535,712,276,791,580
AGTCTGCATT;487,66,754
TTATGGCGAC;285,504,184,108,34,40,622,120,686,395
ACTCGCACGG;437,64,525,752,543
TGCTCACCTT;503,56,117,25,574,495,616,442,799,637,735,570
GTTTTAGTTG;128,555,184,344,696,586,379,350
GTGGCTCACC;218,362,43,703,374,494,390,207,612,48,194,348,400,239,679,506,363,389,614
GAACAGCAAC;459,336,441
AGATAAAGGT;144,726,718,131,287,60,763,723,238,195,472,335,506,388,124,598,20,175,364,633,448,387,122,538,58,642,686,744,344
GGGTGAGGGG;19,150,244,348,627
CCAGAATTTG;93,583,782,765,645,295,80,296,133,396,469
TTCAGTTTAT;532,539,108,455,355,701,330,258,325,633,117,747,790,625
GTTGTGGGGG;67,615,380,435,386,461,279,88,33,158,204,796,556,447
CACACCGGCG;87,527,78
CAAAACAGTT;798,604,158,125,602,34,240,45,199,415,94,399,219,341,731,353,492,31,499,792,15,436,780,1
CGGCGGCCAA;441,543,549,307,434,404,210,787,548,645
CAAGACTGCA;548,387,96
GATCTATGCA;489,269,27,498
GATGGATCTA;22,665,522,697,17,291,484
ACAGGTGTGA;105,208,298
ATCTCCAACG;495,63,381,179,624,643,431,13
AACGGGATTT;184,581,71,754,485,246,4,300,60,507,264,696
CCTCTGTCCG;796,763,352,94,646,501,121,668,489,700,588,771
TTAGGTCGGC;159,216,119,250,383,76,576,340,593,482,89,190,678
GGGCAAACCG;721,261,277,433,560,243,85,757,727,274,116,573,553,595,134,783,631,739
TCCCGCCTTG;658,612,522,88,419,122,557,677,528,249,525,346,713,319,736,283
GTCTAAAGTA;95,33,580,373,340,503
GCGGGCTCTG;68,577,140,789
CGACTTGGAT;166,492,663,542,336,584,170,571,774,370,412,617
CATGGTAACC;336,618,616,353,577
GATCTATCAT;679,248,757,170,289,674,421,402,407,135,682,789,645,766
ATTCACATAT;189,43,528,188,116,522,315,572,121
TTATTGCTAA;505,740,348,321
ACGCTTGGGG;291
AACAGCACTT;662,164,570,563,63,712
AACGAGCTTC;379,363,16,638,753,509,491,162,266,673,410,586,798,314,683,675,302,694,105,184,457,704,505,265,36,172,363,417,126,77,444,692
AGGTTGAGGC;344,341,232,775,207,633,786,247,466,768,780,558,510,328,319,560
ACTCAAGGCG;660,574,28,429,321,111,652,43,211
GCTGCCGATT;196
GCTTCGGGTT;219,412
CTCTCAGAAG;506,743,109,360
CGCTCATTAG;255,68,434,722,191
CAGCAAGGCC;222,286,255,414
TAAGAACGGC;530,407,706,591,636
CAGGTATCTC;728,634,475,373,138,464,333,231,133,317,383,35,561
TAAAGCGTCA;83,741
CAACTGGGCC;772,282,728,0,175,745,57
TAATTTGATG;585,562,64,281
AAATGACGTC;84,505
TCGTATGTTT;577,387,760,614,449,745,343,311,561,50,651,509,476,585,627,63,11,650,38,615,420,274,633,352,626,274,591,40,715,653,203,148,624,469,141,665
ATAACAACGG;435,188
ATCTTTCCAG;764,768,477,474,646,72,724,799,732,684,471,153,348,469,361,687,663,468,186,342,500,41,261,329,259,739,730,551,630
GCGGTAGCGG;25,435,680
CTATGCCCGC;488,538,766,671,427,220,688,265,203,191,263,404,631,634,202,217,611,549,201
TACAGATAAG;202,636,356,435,69,472,420,314,332,142
CGCCTTAACA;593,772,611,481,170,429,113,628,27,517,263,696,185,324,795,600,539,245,786,357,197,516,590,441,196,511,245
ACTGGCGCTT;1,111,726
TTAAGTATGA;398,239,546,766,132
ATGGATAACG;505,202,24,109,6
ACTTACTTAC;428,259,216,375,84,77,130,319,221,164,128,785,262,86,761,352,482,7,154,660,254,764,135,48,76,289
CTTTAGCATA;62,234,568,435
GGTGGCCTAG;772,434,323,164,266,108
GAATTGGAAC;51,725,120
GCTTTGCCGC;91,368,756,589,40,753,47,186,784,567,596,690,522,621,530,587,258,588
TATCTACTTG;104
AGAAATGACT;682,348,218,318,170,143,9,27,579,652,615,143
ATGTGATGAG;69,269,143,454,558,466
TAGAAGTCGC;460,73,308
GTGTGTCTTA;489,1,502,258,230,530,710,598,237,359,51
AAGCCCTGCG;746,12,309,737,69,766,193,476,179
CAAGTTTGCT;356,238,272,764,75
ACACTTGTAG;787,591,155,687,209,56
AAGGGAGATC;143,397,607,181,700
CGCGCTAATG;473,82,703,601,258,548,170,133,412,132
TCTAGGTCTC;502
ATCTCTGAGC;780
GTTTAAGATA;582,92,150,526,394,246,68,445,464,67
CAATTTACCT;664,146,671,145,616,539,24,681,515,258,235,237
CTCCTCTGGG;782,451,522,96,361,323,328,144,343,137
CTTTCCCGTG;308,747,260,47,697,765,47,743,787,103,133,639
CTATATGAGA;702,575,126
GGAGAATGCC;360,28,457,477,10,24
AGTTTTTTGT;270,586,178,307,70,383,583,434,160,635,701,127,254,629,124,173,561,508,449,136,585,629,621
ACGTCCGGGT;339,696,745,521,298,132
TTGTCGGCCG;397,150,618,621
CCTCACCTAA;18,389,602
TAGGACGGCA;434,343,593,289,670,561,37,81,248,229,517,257,467,478,34,767,693,286,796,340,774
GGTTATCACA;604,128,41,493
GACACGACTG;130,580,11,262,450,58
TTCGCCACCT;452,267,34,765
GCCGGGGATA;239,101,595,464,644,611,81,231,148,792,79,195,294,252,114,717,112
ACTACGGCCG;468,97
AATGCAATAA;205,216,156,614,279,224,575,546
AGTAACACTT;324,507,693,713,390,389,296,130,203,258
AAGAGGCTGC;715,654,129,692,207,688,499,418,521,443,777,329,413,727,80
GCCCCGTGGG;414,81,358,112,224,591,796,496,788,461,292
AAACGGTACT;771,611,390,349,99,503,617,280,590,349,385
CAGTGGAGGG;707,396
TGCCACGGTC;244,717,563,595,674
AGTTTGTCGT;270,63,618,576
CCCTAATGAT;134,573,169,777,355,742,761
TCAATATGGG;615,215,209,428,15,703,548,444,635,756,798
TCTCCTTGAA;759,701
CTTTTCATTC;96,356
CTCGGCGTAC;767,765,788,700,393,721,297
TGTTTGCATC;52,245,236,612,201,457,269,532,142
ATCATTGCCG;149,438,87,611,36,211,792,445,497,200,412,692,605,65,303,327,261,656,552,753,597,461,130,471,737,60
CGCTCATCGC;424,412,651,770,180,187,170,332,772,488,478,420
TACCATTTTT;260,631,320,226,321,397,325,590,509,52,572,33
TTATACCAAT;330,403,148,292,429,388,761,510,744,773,388,319,40,269,180,710,129,198,310,602,218,787,2,475,667,667,710
AGGCACGCTG;224,440,173,235
AACAGGGAGT;385,432,5,212,564,43,402,142,693,374,350,670,172,764
ACTGCTAAGT;789,178,349,349,350,30
AAAACTATGT;419,3,179,85,387,30
GGAGAAACGT;191,668,526,645,336,562
CGTGTAGCAA;229,39,342,262,314
TCGATTGCTC;152,648,594,497,574,369,299
CTTGCGAATG;138,5,247
CCATCACAAC;616,363,47,101,260,198,572,309,108,179,465,144,586,553,747,288,208,551,414,359,378,584,269,114
GGAGCTAACG;735,746,772,219,299,217,139,34,264,348,328,571,264
ACGATAATCT;119,679,117,570,296,724,596,675
GGCGTAAATT;663,7,54,283,591,75,145,224,250,728,188,53,601,349,742
ACGCCGTGTG;569
GCCCATGCTG;619,731,72,191,68,517,627,782,740,714,666,769,752,131,226,54
TGAGTGATAT;318,180,240
TAAAGGAAGG;299,9,384,781,636,584,732,785,624,625,285,254,193,532,330,386,353,605,637,249
TATCACCTAT;388,702,513,250,178,588
TAGCCATCGT;357,122,34,51,766,102,117,730,730,272,444,273,151,767,327,68
CTCGTATTTT;97,49,406,42,12,596,138,586,647,690,645,99,132,537,542,499
GTTGGCGCGT;34,289,31,246,235,134,493,203,13,211,235,595
AACATCGCAA;632,54,559,495,559,765,196,503,465,217,706
CTGATCAGAT;153,483,505,797,288,348,684,384,416,76,190,588
GAGCTGTCAA;495,789
GTCGTTATGC;661,50
CAACCAGAAA;713,408,261,333,576,779,569,533,217,401,482,188,41,175,127,784,496,743,405
CACCGCGATG;600,73,475
AACATTCGAA;644,281,687,3,313
CTAGAACCAG;154,323,670,447,308,91,368,769,22,685,193,787
AGTTCATTAT;774,265,522,211,579,631,769,13,578,601,479,209,624
AGAGAATCGG;440,41,441,73,602,483,545,624,464,421,4,83
GGTTTGCATC;39
ATCGAGGTGC;685,415,505,746,288,579,94,566,357
TTCTAGCCAT;572
CGCCGCCTAA;592,489,335,50,769,183,286,585,277
TGGCACCGCT;192,408,69,350,798
TCTTCACACT;704,402,604,449,397,228,649,101,179
CGTGAAAGAG;440,783,584,328,523,424,767
GCCGGTTCTC;706,678,137,606,388,253,330,364,233,47
TTATCATATT;791,165,273,691,279,126,375,154
TATATCAAGT;434,522,116,753,187,521,138,281,564,781,362
TCCAAGTATT;541,246,134,421,283,747,302,559,305,642,258,78,751,784,744,153,418,49,549,499,503,156,285,702,798,378,698,461,773,69,298,721,798,32,117,607,104,538,287,322,474,214,719,427,223,45,724,244,656,562,204,196,635,490,275,778,202,773,46,673,767,682,383,772,535
ATGCCAGCGT;70,521,24,359
CGGGGTCACG;516,624,65,444,625,322,263,292,75
GCTACAGTTT;388,397,340,38,440,165
AGGTTATCGG;558,254,101,521,67,55,380
TTCAAGGAAA;453,592,783,160,194,648,509,422,531,485,680,95
CGCATGGCGA;429,193,475,359,172
TGGTCAATCA;129,31,478,313,225,144,146
TGAAGACGCG;580,558
GACCAGCAAA;288,794,295
CTCCCGTTTA;657,654,699,589,157
TATTGTCGTT;438,299,121,428,498,278,411,757
GTCACCACAT;102,268,109,240,461,463,717,129,265,533,356,607,683,430,728,279,446,733,287,613,641,489,209,657,145,506,430,667,523
TGCCTCCTGG;480,691,477
GGAGGTGCCA;701,189
CTACAATCTC;509,746,48,95,367,336,260,325,281,177,749,710,134,173,307,385,796,393,207
GGGTGTAAAT;774,302,272,604,498,15,565
TGTCCTTTCT;234,350,46,605,450,381
CTACTGAGTC;231,613,527,267,103,550,485,12,632,290,441,387,709
AACCTTGCTA;96,424
GAGCACTTAG;391,144,532,463,409,751,228,244,747
GAGGGGTCGA;278,447,501,317,204,724,720,407,320,289
TGATAACTGT;614,667,687,74,396,414
TCTAGTGCCA;479,6,781,764,215,528,619,489,105,105,196
TACCCTCGGA;72,244
AGTCTGATCT;5,778,356,9,184,222,462,135,406
CGTCTACTCA;672
CAAGCGTATT;98,455
ACACGGATGG;612,530,477,799,707,400,396,633,619,739,705,647,747,103,666
CTTTGGGTTT;709,445,116,689,311,512,209,136,768,593,403
AGGGCGAATG;282,461,29,795,487,571,286,274,735,88,647,203,471,415,196,214,280
TAATTTCGGC;526,500,735,304,697,592,282,678
TGGCGCCCGA;286,391,342,30,714,108,35,190,760,770,177,649,286,160,205,586
AATGGCTCCG;715,642,156,485
TGCTCCGCAG;720,179,544
CAAAAGCTGA;642,613,37,536,739,125,461,270,788,598,437,599,401,108
AACCAGAGAA;794,474,456,678,779,605,148,761,797,250,261,721,112,494,498,343,228,63,696,300,363,193
AAAACGCTAT;107,742
TTGGACCACG;423,159,187,358,545,747,452,77,594,196,620,271,327,646,111,649,765,197,540
CTCCCTGAAG;439,266
AAGGAAAAAT;278,312,727,635,410,2,650,254,55,96,107,215,218,714,189,479,180,439,317,414,543,781,119,178,530,195,523,589,788,739,309,359,111,218,366,149,126,261,232,319,64,774,480
ATTGTCCCCT;368,303,750,221,609,649,291,392,307,180,101,285,476,69,380,2,747,22,518,756
GATCACGAAC;608,588,561
GGTGATCCCA;100
CCCTTAATGC;536,417,60,634,76,272,219,21,680
CGTTTCGGTA;300,120,548
GGGAATATAT;487
TATGAAATTA;74
CCGTTCTGCC;295,463,746
TAGTATCCAC;597
GGGCGAGTAC;75,379,207,18,20
CAGTCCGCGA;162,151,104,127,274,226,283,274,348,355,136
ATCCAATAAC;440,238,20
GTGAGATGAT;193,760,547,72,672,522,295,505
GTGCATTCCC;274
GTATACGCTT;431,262,109,680,126,604,125,73,219,27,627,185,760
GAATGATCAC;59,542,437,481,550,583,774,522,332,314,600,468
TATATAACCA;593,598
GGCTCGCCAT;163,359,475,14,534
GTTCCGTGTA;402,337,186
GGTTACACTT;670,323,55,156,796,117,551,45,466,369,288,77,765,3
GACTGTCCGA;155,341,770
TGTTCCCTAA;298,741
CACCTTCTAC;321,617,272
CCGAGAGCGG;362,58,74,488,683,119,359
GGTTTGTCCG;790
CAAACTTCTG;157,356,99
TATGCAAACC;158,215,598
TTAGCAATTA;70,360,454,43
TTCGTTATGC;415,156,412
TGCGTTAGGA;764,331
CGTAGCGCGG;692,95
AACTACACAA;207,562,89,675,116,773,763,768,688,183,436,524,540,469,758,519,732,169,185
ACGGGCCAAT;313,228,616,58
AGTCCTAATA;569,544,11,73,485,752,84,261,296,320,240,554,415,170,362
TCATCGCATA;55,107,726,330
GCAATAGCGC;414,197,519,56,60
GGTCTGTGAC;650,200,720,493,95,577,777
GTGTTGCACC;651
GCCACGTAAA;166,625,414,34,584,13,279,228,261
GAGAGCGTCT;568
AGGGAACGTG;30
GTCCCGCGCG;56
GACGAGTTAG;593,686,750,578,58,55,489,592,425,498,463,633,586,233,773,721,345,28
CACCTCTATC;204,259
CTGTATCATT;436,98,89,298,742,765,689
TGAGTAAATG;8,461,1,623,769,525,355,439
TTACCTAAAC;647,578,55,252,271,554,424,440,380,627
TCCCAGCTCT;724,315,564,372
CAATAGTCTT;705,484,374,412,9,391,233,322,549
TACTCCAAGG;631,198,408
GGACTTGGAA;743,681,117,657,458,196,410,106
CCGTTTAGGA;351,791
GTCGACTCTG;274,148,787,748,504,113,669,389,609,289,655,322,452,121,132,135,568
TGTTGGTTCT;89
GGGGGTTGCT;225,796
CGCCTTGGAT;224,378,374,533,715
CCTTGGTCTA;509,165,434,549,491,454,120,89,433,725,745,665,447,483,789,234,461,418,345,478,83,24,45,59,233,168,35,598,785,455,655,167,670,578,130,678,501
ACGCCCCATG;236,645,87,362,794,393,678,295,605,198,496,565
GGCATACAAA;36,667,434
ATCGTATCTA;299,526,434,611,708,267,283,760,158,110,451,256,43,471,761,588,312,726,487,114,414,647,160,560,114,398,416,265,111,660,114,610,390,34,537,798,422,584,629,68
GCGACCCGTC;250,166,697,67,73,704,252,63,333,764,118,207,734,165,287,603,665,666,505,766,752,336,523,758,555
AGCAATGCCG;109,100,500,589,714,109
AGGGATTAGT;605,628,570,594,154,524,755,94
GTGCCAGATA;667,753,157,25,744,82
AGCCTGCTGT;581,441,298,404,719
CCCAATCCAA;276,69,309,310,284,628,549,728,22,425,565,249,441,613,298
TCTCGGGTAA;31,768,403,82
CTTGGAGCGC;610,86,449,216,476
GGGCCGGCTA;788,739,102,496,669,799,434,242,324,23,741,704,789,378
CGGTGTGGCC;524,201,419,159,792,26,375,495,786,365,686,474,641,150,786,252,626,443,632,52,35,172,606,598,599,32,322
ACTTACATTT;120,323,556
CTCACCGGAA;678,613,441,703,173,119,556,304,700,672,438,183,461
TAAGGCGTCA;164,329,775,768,33,299,358,104
AAATGCAAGG;502,234,118,654,100
CACCGATCTG;541,603,476
GTCCCTAGAT;583,563,799,606
TACATGGAGC;289
CTTAGCTACC;381,51,130,216,630,47,122,290,266,637,179,303,386,118,350,608,463,149
TGAAAACCCG;494,267,628
TTCGGCATAG;787,303
AAGAAAAACG;759
TGCTCTCGGC;5,305,660,741,21,142,254,88,594
AGTCCCGCCA;229
GACAGACCTG;305,37,399,355,774,323,145
TAAGTCGATC;79,313,290,735,658,39,487,340,318,510,89,287,517
GCGACTCCGA;621,271,467,152
ACTCGGCACT;305,648,183
CGACCAGTAC;125,725,453
GCTACGGAGA;121,419,365,295,215,492,522,482,514,452
GGCATGGCGC;375,305,157,95,283,412,361,141,503,184
GGTGACCAAC;20,493
TTTCATCACC;311,160
TGGACCACGT;212
ACCTATTCTC;127
AACTCTCCTG;776,295,247,127,714,222,728
AAACCACTCG;682,75
CTTCCGCGAG;237,58,489,727
CAGTGTTCGC;338,75,119,535
GGACGTGGTG;744
TACAATTCCA;745,55,479
TCTCTACCGC;380,46,745,279,5,556,672,394,514,268,68
GGGGGAGCAT;645,248
GGTGCCACTT;150,713,634,403,38,155,213
TACAACTAAA;543
CGTCCGAACT;249,242,116,737,424,122
TATATTCTCA;289,21,211,793,591,79,688,634,572
GCTGGATAGC;34
TTACCGGCTG;431,278,249,396,574,512,92,149,538
GCTTAGATCC;343,241,189,230,97,393,349,288,592,714,770,660,514,251,170,752,571,300,630,688,255,555,122,165,584,569,618,658,514,303,162,269,198,181,198,527,332,499,664,327
CCGCGTTTCT;180,27,370,471
TGGTCTTGTG;689,574,439,651,107,18,156,97,606,171,115,269
GAATTAGCGC;716,554,750,675,784,733,571,113,181,254,166,726,63,224,224,758,174,80,123,219,60,647,398,558,217,432,273,341,651,778,739,688,559,499,503,428,514,209,529,355,83,116,140,17,193,84,256,454,480,325,709,280,533,59,758,745,415,328,519,516,305,747,624,614,602,18,417,286,393,510,278,182,410,34,221,695,491,589,210,755,175,143,200,34,357
TAAAGTAAGG;234,446
AAGAGAAAGA;564,312,610,252,660
ACCTGTCCCG;493,580,77,73,410,589,199,763,230,79,244,440,488,238,228,744,392,272,279,107,171,574,263,554,432,173
GGACCATGGC;411,173,751,52
AGCAACCGGA;85,68,13,597,585,103,156,21
CAGCGGGGCG;666,28,694,88,416,618,269,298,123,695,407,520,612
TCGCCAGGAA;383,252
CAGTGTCGCC;187,134,709,161,616,207,0,184,171,8,473,261,650,348,291,239,795,687,156,183,126,67,644,526,93,708,245,277,573,358,584
CGACTTTATT;540,9,655
ATCCGTGGAC;281,601,126
AGCAAAGCTG;542,448,195
CCCCTACCGG;167
GATCCCTCCA;469,471,260,327,336,679,643,797,716,724,242
CTGCGGGATA;4,67
