CTAGAGGCAG;183,643,459
AGCAAGTAAG;780
ATGAATCGAG;313,168,693,494,602,406
TCGCCGCAGT;244,648,240,296,39,480,287,280,618,38,795,81,429,204,456,203,599,616,370,365,172,141,736,752,495,421,551,515,285,677,525,238,354,244,783,199,42,601,659,749,280,112
CTTCAAAACG;108,108,663,408,408,684,169,340,507,465
TGCCCCCTTG;505,271,686,495,107,450,428,448,673,147,109,60,385,786,622,729
GACATGGGGG;348,699,133,742,590,162,707
CAAGACGGTG;285,166,308,196,674,644,531,204,793
CGCTCTGGAT;534,628,365,138,692,456,697,477
AACTTAAGCT;312
AATGTACAGG;241,296,424,708,172,193,734,429,129,638
TACGAACTGC;565,766,797,731,428,723,382,331,326,58,390,117,294,195,343,165,284,688,747,644,720,652,316,423,698,682,490,457,659,604,413,691,261,360,797,4,555
GACGCCTCGC;740,783,397,724,735,437
TGCCAAGTAA;774,744,566,449,795,739,89
GCACTTAACT;722,758,588,722
CAGCGTACAC;160,753,525,221,197,543,456,488
TAATTCCCGT;302,357,275,623,420,675,380,5,195,359,2,628,327,48,604,283,724,228,401,120,552,429,121,329,685,769
TCGCCTCCGT;422,537,655,590,263,614,253
GTTCTCCCGT;646,162,587,211,427,117
ATGCAATCAC;235
ACAGGCAGTC;101,759,126,531,463,318,438,488,482,199,717,484,749
CAGCTAAAAG;26,358,363,717
CACGTTGCGG;732
CTCGGTTGCT;152,631,679,110,239,89,402,367,325,295,379,509,475,777,223,715,424,304,477
AGGCCCACCA;437,497
ACATGTGCAC;192
AGTCGGCGTC;322,473,795,536,747
GCTGAAGGAG;229,256,180,728,111,43,357,377,757,275,608,360,686,13,56,11,374
CCTAGTGAGC;201,421,26,240
CGGATAAAGT;229,315,557,120,10,156,12,431,437,636,516,348,67,446,504,417,187,280,528,65,412
CTTCCCATGT;251
CAGCCAAGCG;578
CCGCATCCCG;598,714
CGACGTCCTG;685,747,205,68,109,684,490,691,404,411,610,687,442,636,581,713,414
TAGGGGGTTC;307,602,94,625,520,326,442,722,290
TGACTACAGT;554,670,599,579,412,6,49,255,125,332,773,541,264,7
CCCTCGCCTA;356,309,760,644,222,9,283,716,353,479,327
TTGGATCTTC;692,299,254,171
CAACCAAGCA;135,197,720,66,122,341
GATGCCGCCT;622,350,63,661,791,373,161,472,316,700,500,353,119,161,745
CGGCCGGGTG;677,240,146,585,601,793
CCGACCCAGC;660,204,352,756,547,407,487,277,397,779,211,320,334,719,448,289
GATGTGCATG;722,644,286
AGGGGGGACT;772,296,251,223,552,732,321,521,360,233,667,184,707,769,666,4,713,703,614,520,526
TCGTTCGTAG;294,269,685,600,370,312,45
CCCTCGCACG;659,227,165
CACTGATATC;581,267,639,82
CGCTCAGCCG;267
GGAAGCCCCC;356,526
ACTAGGCAAA;655,186,477,139,402,189,561,303,621,588,487,343,32,414,590,545,521,64,706,18,731,465,372,565,632,54,106,425,416,593,29,566,437,154,77
CGCAGCACTT;48,196,24,643,220,35,26,153,39,71,342,749,174,530,399,372,648,435,6,411,236
ACGTTGCGTC;609,572,629,103,54,125,713,543,3,399,613,643,539,773,600,255,718
TATAGTCCTC;427,75,362,319,439,388,744,658,47
AAACTCTAGT;181,315,406,695
ATATTTAATT;289,691,633
AACATAACAT;43,723,510,196,194
TGTTGTCGCA;271
TCGTCATCAG;580,19
TGTATTATCT;154,39,136,754,568,761
GTATATCATC;239,686
CAACGCTGCA;743,754
GCTTCACGTC;33,62,620,654,358
GGGAATGGGA;273,436
GCGTGATCGT;498,542,201,160,709,303,23,62,555,132,277,594,320,511,597,359,320,521,559,238,38,552,366,383,298,729,783,239,194,675,547,166,241,224,164,338,406,288,660,571,579,659,302
GACACTCCCG;215,181,644,746,77,415
AAAGGATGCG;633,620
AAGTGCAAGA;24,538,615,11,2,391
TGAGATTGTA;78,758,625,607,449,449
CGCTTTCCTC;715,222,612,764,618,158,263,597,715,734,686,213,663,387
AGTGGCGAAA;400,712,179,585,618,190,266,207
TTGTTACTGG;762,201
AGGAGGCCAG;149,252,578,71,111,85,530,219,764,519,177
CAAGTGAAAA;715,443,381,245
TCAGTATTGT;161,228,441
TTCTAGAGCG;345,70,701,646,51,310
ATGCTTATTG;122,765,795,769,638,196
AATAGATCTG;315,125,424,603,459,543,398,383,608,428,716,305,458,560,659,104,287,134,444,232,386,446,142,729,148,724
TATAGAACCC;152
GCTCTGCTGA;701
TGGGATCAAG;106,6,307,475,562,663,708,688,707,105,624
GAGCCGATGA;754,446,669,395,204,503
CACCAATCTG;793,470,110,124,65,443,735,107,738,530,563,507,355,22,429,238,683,273,326,251,413,461,132,680,464,61,213
CCCTTCGGTA;683,511,248,787,589,272,216,311,451,8,186,332,253,275
ATTCTTAGTC;407,210
GATAGCCGAC;396,98,531,614,741,225,229,596,477,777,515,468,680
CCCTGCTAGA;780,558,358,695,176,67,431,632,26,302,26,566,251,198,770
CGGGACCCAG;43,420,57,386,595,297,69,196,223,48,47,443,69,439,214,462,655,779,529,588,207,174,606,781,221,415,515,404,308,642
TCAACAGTCC;194,609,596,221,431,203,95,153,700,135,653,702,125,756,513,652,672,542
TGTATTCTAA;688,636,185,647,313,648,227,266,370
TGGTTTCTAT;542,761,72,773,499,586,251,245,736,318,2,139,447,725,250
GTAACCTTAA;85,11
GCTTACACAT;542,276,664,601,549,702,238,451,682,92,297,540,558,409
CGAGGCAGGC;172,11,40,342,186,270,140,328
TCTTCCTGCG;515,198,246,220,663,215,740,194,263,690,187,195,311,47,449,769
TCGATAGAAC;87,762,286,730,789,15,86,367,560,460,146,0,14
CTGAATCCAC;122,519,706,416,81,679,632,409,304,373
CATGGGTTTC;659,453,610,720,560,374,653,25
CATTGAATAG;362,171
GCTGGCGGCT;204,307,70,383,407,433,30,241,734,370,398,385,645,226,559,389,17,671,460
CGAGCTTAAT;314
CAATATATAC;471,204,376,779
TAGCAGGACA;325,775,505,105,8
GGTGCATTTC;227,582,376
ACCCTATACA;440,799,751,54,763,490
GAGTAGGAAG;281
TCAGTTAACG;363,619,674,680,175,76,464,588,564,664,171,67,396,486,444,183
TTGGGGATGA;302,658,142,776,389,327,563,85,610
TTGGGTTGCA;168,278,655,83,64,373,22,184,85,38
TATCGCCCCT;370
ATACTTAAAT;306,650,88,144,314,244,788,240,213,298,279,467,660,774,50,34,397,223,278,370,484,678,115,275
GAGTAATTGG;453,781
GCGTGCTCGG;530,765,545,470,655,665
GATGCAGGAC;205,604,573,548,530,250,384,175,63,118,476,432,431,792
TGCCGAGATA;397,568,246
CAACGCATTG;398
CAACGTCATT;269,711,572,186,493,289,610,445,516,639,340
CCTGGACTCC;735,138,534,743,644,778,428,582,34,620,425,288,719,299,56,271,150,322,282,540,669,637,278,144,445,641,491,143,634,738,731,720,164,768,702,523,416
ACAGGAAGGC;5
TCTCTTTCAG;390,269,164,705,781,381
CTCGATGGAT;495,594,534,38,726,383,331,419,728,686,147
CTGAATACAA;282,380,192,210,327,711,35,648,68,429
TTTGTTGGGC;529,67,169,106,224,591,359,477,170,674,307
CCGTCTGAGT;227
GCGGCATGGG;752
TTTCGCACAC;349,744,634,136
CCCGTCAACT;460,33,492,239,716,484,202,649,455,398,422,620
TAAAGCCGCA;614,535,104,102
TAGCACGGGC;325,577,490,699,392,176,708,36,288,420,741,587,161,11,237,162,573,704,241,522
TTGGTACAGG;292,671,260,532,33,23,734,376,432,790,350
CATCTAGTAG;277,213,352,712
GAAGCCAAGC;18,429,665,352,611
TTATCCTGCT;526,510,449,481,192,612
TGCGCGATTT;651,196,181,323,82
AGCTGACCTT;485,318,92,507,222,701,669,334,761,613,272,417,639
CTGCAGCCCT;799,377,139,471,579,294,5,173,775,248,721
TGATTGCACC;288,784,139,477
CTAGAAATAT;275,94,745
CGAGGCATTA;493,452,565,226,728,475,483,448,353,650,518,628,381,217,678,577,210
GTTCGGATTG;607,170,393,345,656,519,525,752,117,345,490
CCAAAAATAT;401,28,12,78,461,597,226,17,102,369,413
CCCACACGGT;16,632,280,105,446
GCTACTCGAC;215,146,259,581,666,154,796,170,624,15,367,483,284,790,530,611,555,34
CGGGAGGCCT;707
CATACTGGGG;768
TCACAGCTCC;86,240,628,642,379,729,77,319,458,791,559,761,635,540,1,344
ACGGAATAGC;25
ACACTCAGTT;571,142,339,248
TTGTGCAATT;712,717,198,250,107,443,693,482,355,407,247,382,377
GGGGGGCCTA;272,373,702,740,115,292,453,194,248,193,648,455,377,551,394
CGCCGAGATC;625,591,527,632,1,708,196,269,347,696,399,277,731,186,219
GCTTAGGTTC;696,579,771,133,481,639,776,542,250,338,158,190
CCAGAATTCG;542,646,156,715,468
GTTCGTGGCG;672,362,42,15,240,715,429,450,72,40,646,174,359,602,129,381,137,541,454,181,503,208
AAGGTCCTCC;467
CTTTACCTGG;738,727,207,237,607,638
CCGACTTACG;190,527,107,112
AGTTACCTGG;709,578,655,442,330,611,199,668
CACATGTACG;181,638,39,777,428
GGGCACACAA;499,159,103,180,459,40,344,125
TGGATTGCAC;117,256,775,486,138,305,335
GTCTCCTTGC;391,312,626,219,589,423,595
ACCACACAGA;153,657,475,253,296,728,547,228
ATCACAAATC;420,182,472
GTTCATCAGC;159
CTCGGGGCCC;149
TAGGGGTTGG;372,348,359,338,300,307,196,436
TCTTGTCCCG;377
CACGCCGACG;501,221,96,626,503,450,596,740,708,235,0,205,723
AACTGACCTC;478,497
TCCGAGACTT;267,214,40,329,733,562,416,326
TCCACTTAAA;279,761,774,239,615,491,554,528,453,113,334,303,518,713,174,418,120,70,430,517,532,786,151,180,109
AGTCAAAAAC;164,598,108,781,450,373
CGCAGATAGT;377,200,503,464,137
CGCACTCTGC;586,741,148,537,737,484,565,357,725
ATTTGCCTTA;176,715
CTTGCGCGTA;519,238,524
TTCTGCTATC;758,731,754,120
AGGCTTCATA;292,328,203
TGAAAGCATT;6,133,69,220,634,69,119,87,796,538
GTAAGGGCAA;33,687
TAGTGGTTAT;654,1,795,155,457,425,325,72,316,383,169,144,170
CGCAAGGTAC;99,787,147,624,439,221
TGATCTCTGG;172,707,516,522,358
TACAATTCAT;771,296
CGTGCGACGC;31
AAATACCTTT;236,196,135,435
GGAAGACCAA;60,527,116,311,765,469,307,11
AGCAATACTG;323,313,55,170,413,375,191,477,131,188,197,698,213,492,482,295,699,319,417,428,265
GGCATTCACG;751,34,618,396,176,403,714,568
ATCTTATGCT;702,197,303,452,209,688,230,256,86,615
ATCGGAACAA;408,692,199,12,374,254,647,555,586,229,73,671,129
GGAATCTTGA;249,542,43,753,111,480,32,73,294,431,490,77,760,409,5,113,522,738,261,389,167,247,35,26,31,78,40,146,205
GGACGCTGGG;417,677,743,303,258,591,708,534,17,45,363,676,40,3,712
GGACGGGCCC;696
CAGCCACCAG;743,455,340,310
GTGCAGTGAA;285,607,281,370
CGTCGTATCT;285,776,15,332,383,75
AGCATACCAC;635,12,468,424,514,673,599,623
AGCTTCCTAC;579,225,58,595,532,579,670,323,680,356,555,577,158,763,218,238,727
GTACTTACTC;172,687,755,633,129,201,798,285,347,763,534,147,664,1,173,254,106
TGAATATGCC;281,77,520
GCCCTGGCCA;179,692,47,191,20,105
ACAATCCGCT;184,617,520,673
CGTACGCGAT;638,241,402,795,331
AGGTTGCATG;439,137
AAGGATGCCG;463,267,390,208,527,503,51,266,558,765,300,325,750,136,5,202,778,789,157
TATATTTAAC;612,472,223,550,209,218,469,70,751
TGTGTCAATC;144,555,475,487,755,397,740,655,443,412,412,483,676,94,540,766,345,410,163,697,239
GGACCGGCTA;455,456,291,82,601
TATGGCCATT;322
TAATAGGCTG;103,504,390,224,135,376,328,463,180,345,592,299,341,432,199,249,663,500,755,356,471,58,352,214,28,126,342
CTATCTTTAG;72,777,770,618,364,648,659,289,270,750,246,28,447,225
TGCCCCGGGT;664,505,692,450,148,21,740,451
ACGATGATGT;159,312,585,702,718,477,57,359,324,147,21
TCACTCCGCC;420,476,712,144,127,224,461,631
TGGTTGGTCG;49,724,507,339,485,630
CCGGTCTGCC;742
GGCGGTCGCG;324,339,168,231,732,529,507,307,371
ATCAACTGGC;791,545,770,365,415,550,647,205,224,432,451,757,578,83
AAGAGTACTG;653,98,45,557,96,356,485,236,58,596,473,480,653,36,391
GGAGTCCGTT;199
TGCCAGTATG;288,263,534,72,317,754,472,136,292,127,627,187,474,68,68,185
AATCGAGTTC;115,645,371,68,150,98
AAATGGCGAC;162,440,251,93,717
ATGCGAAAGT;598,535,304,734,14,791,245,662,224,454,340,200,158
CAAAGAGTTC;235
ATTGGACCCC;80,654
GTTTGTTAGG;168,247,175,526,526,712,353,291,723,102,727,770,721,603,172,503,614,542,789,301,199,726,21,37,633,282,641,647,648,653,560,23,241,538
GCGGCGCAAT;0
ATGCTAGGTA;327,240,319,700,226
AAGGACTCGA;189,305,292,53
GGTCCACAAA;228
CATTTGATTT;365,798,553,79,160,467,218,669,232,111,135,584,404,273,271,629,648,793
ATTCCCAGCA;192,245,782,45,562
GCATACCACA;350,190,246,217,158,15,738,755,655,280,784,39,606,711,236,634,225,42,417,345,788,134,680,124
TACATCTAAT;276,238,240,646,473,64,245,715,309,653,393,758,159,45,794,567,284,266,74,341,187,470
CAAGTCTAGC;242,138,34,221,305,136,136,453,703,650,504,777,401,438,29
ACATCCCGAC;497,535,520,471,267,470,564,482,146,134,288,391
CAGCACCTTG;222,286,329
TCGATACAAC;729,480,641,543
TCTGCCGGTA;422,46,555,46,84,148,112,783,131,531,402,203,594,730,285,569,526,177,268,203,387,754,321,599,746,190,640
AGTCTTTTGA;503,527,7,268,373
CTTTGCCGTG;61,157,692,275,263,449
ATAGTTAAAC;451,376,366
CCAATATCTC;41,450,586,649,245,23,667,385
CAGCCTCTGC;707,797,605,380,433,792,331,538,764,552,440,81,438,18,561,349,700,272,749,560
GCGCTTTATG;424,448,274,76,162,719,744,557,151
CCGGACTCCT;311,370,796,530,703,359,420,231,657,356,282,230
TCGAGCGGGT;169
AGAGCTTTAA;206,110,478,678,607,733,594
GATGGAAATT;195
ATGCTTCACT;409,319,764,557
CACAACTAAC;614,425,211,295,219,616,624
GCGGTTTCTA;714,750,515,305,490,694,715,302,674,535,178,382,122,461,426,52,724
GTATGGCCAT;734,208,212,708,554,187,796,123,35,728
GAACGGGTTA;582,701,22,788,5,603,259
GACCTCTCAT;668,551
ATTAAGGACT;431
AAAAAGTCGC;539,243,729
GGTTGCGCAC;344,344
TCGCCTGCCC;773,492,146,628,212,639,256,274,613,62,658,562,567,154,220,795,18,320,668,454,369,101,48,752,684
TATCAGGGCC;254,195,21
ATCATGTTAT;709,674,294,47,403,161,655,609,47,658,641
GGTCATTATT;567,520,164,531,46,319,494
ATCTGCCAAT;462,745,524,47,562,426,309,175,549,531,418,736,15
TACGACACGT;562,293,578,325
CCCCCTGAAA;682,441,207
CTCGTCTGCA;609,50,240,179,454,638,521,379,613,608,98,613,438,253,117,501,632,249
GGGTAGGGAT;328,473,47,53
CCGCGGCCTT;124,40,580,307,167,356,750,535
GTCCCCTCAA;550,197
TTGATGATTT;410,754,542,337,168,451,376,20,137,634,655,631,214,662,751,578,382,476,101,502
AGTTCTAGAG;107,490,749,543,73,640
AGACGCGTGT;503,462,263,219,90,785,415,416,263,200,658,686,416,170,478,611,26,515,300,274,351,29,615,334
GGCTGATCTC;756,555,219,666,87,659,124,168,788,646,638,232,412,216,362
CTGGATAATG;388,35,614,215,508,419,474,309,270,17,686,207,222,745,187
GGATCTTAGT;54,590
CCTGGCAACA;1,361
TGCCTGACCC;492,645
GGGCTCACAC;237,507,125,394,273,313,795,472,407
ACCGTTTCTG;459,513,105,446,503,460,776,41,706,667,503,706,81,61,565,214,271,744,362,720,50,426,483,741,307,145,461,330,162,69,580,546,300,128,336,617,750,76,307,739,26,460,296,104,377,127,34,315,154,541,578,336,678,332,400,542
GGTGTCTCCA;555,633,533,577,354,572,131,718,321,209,60,606,199,673,218,774,129,723
GGCACTTGGG;581,557,247,133,169
GTCCGCTCAG;748,312,512,565,22,477,498,344,608,166,86,157
CGATGCAGAC;659,361,169,371,329,507,423,375
GGTCGTCTAC;777,632
AGTCCGGACA;775,523,425,789,545,581
TTAGGGCTCT;479,393,707
ACAACGGACT;691,531,473,506,736,36,330,149,392
ACCCTATTAA;688,130,374,90,524,453,476,5,180,561,51,167,140,490
AAAAGGGCGC;8,452,442,212,776,32,87,782,668,301,176
CTGAGTGTCA;19,487,177,187,663,259,139,410,30,181,0,38,604,68,42,676,204,21,149,643
AAATACTAGA;355,755,728,44
GACAACCATA;435,54,536
CACTGTCCCT;386,128,10,57,684,524,454,450,530,332,30,122,738,757,476,591
ATGGCGCTAT;620,177,341,796,499,91
GATACAGGCC;788,218
ATGGTTTCCC;466,330
TCTCCTCGAG;782,536,33,104,144,632,264,303,379,460,660,340,513
GGTACCAGTC;758,581,457,449,330
AACTTTACGT;745,411,659,620,314,726,249,557,483,702,708,17,620,89,237
TCCGACGACA;399,410,260,195
GACCAACGCA;294,753,219,253,324,438,13,694,406,196,123,141,176,351,575,584,336,198,133
GAGTGTACAA;443,627,225,639,433,334,374,73,476,125
GCCGGTGAGC;473,616,225,435,139,249,657,702
TGCCAATGCG;28,738,361,705,621,207,18,786,170,267,246,788,570,328,536,80,104,76
ACCAAGGGGG;318,457,103,617,303
GTGTCTTAGT;603,97,236,273,532,59,759,278,725,478,637,138,662
CGGCGCATGC;134,271,233,697,138,579,483,213,557,244,707,459,332,109,385,770,496,136,551,599,738,183,294,586,747
CATTAGTGAT;599
AGTAGTGTGA;342,475,611,438,337,50,250,90,435,161,651,586,507,239,168,149,99
CGAGAACAGC;754,533,89,758
GAGAAGAGGG;186,46
TCTGTTCACT;178
TGCGGCACAT;583,797,70,74,262,282,244
AGTCTCCCTA;303,563,779,549,628,277
ACAGGGACGT;746,742,729,657
CAAAGTGAAT;306
ACTTACTGCT;531,147,39,267,286,1,763,444,299,671
AGGAAGACCT;248,580,698
CCTAATATTT;111,384,425
TTTATAGCGG;620,787,177
CTTGAGGCGT;693,355,461,677,205,378,729,324
ACCGAGGAGA;93,455,414,283
TACTGAGTAA;592,648
ACTTGTGTAG;626,285,140,627,284
ATAGAGCGCG;536,362,117,50
TTCCTATCCG;305,636,167,35,561,141,780
AGTTCTGATT;123
ACTTATCAGC;706
GCAGGAACGT;780,223,1,203,292
TTAGTCTAGA;798,141
CTCTTGGGAC;573
TTACGCTTCA;260,654,704,222,542,9,757,539
CTGGGGGTCC;475,462,321,283,689,798,627,625,484
GAGAGGAGAG;404,95,725,472,627
ATTTCCGTTT;147,211,309,704
GGATCCTTTA;798,790
CCTCCGCTGA;222,545,460,63,540
TGGCCAGCTG;159,329,573,673
GTTGACAGTG;748
CAGAAAATTA;155,266,292,679
GGAGTGAGCC;438,669,779,672
ATCGTACGTC;710,547,69
TGCCTCAGCA;568,383,393,740
TCGGTCGGCT;50,320,370,232,148,688,579,507,102,320,298,166
TTCTAGGAGT;156,365
GTTAGTTTTG;762,473,46,525,434,407,218,652,280,528,206
TGCGCAGTCA;775,131,448,482,143,147
CTACCAGGCT;112,321,461,122,510,93,277,104,408,32,530,237,362
GGCAAACACA;313,9,221,568
TGTCCGCGAA;589,554,737,361,324,355,234
CATTGGCTCA;486,546,298,409,66,546,241,302,330,473,554,380,662,11,167,785,584,792,378,596,783,611,493,645
TCATTCTGGT;632,494,694
GATTCTTATA;220
CGCGTGCTCG;688,625,410
AGTTCTAGGT;139,611
ATCTCCTGCA;421,792,49,257,753,385,381,382,674,388
AAAACGCTTG;53,514,365,188,407,485,389
ACCGGGTTAT;467,749,376,408
CATGAGGCGC;709,371,345
TATACTCACA;552,224,445,340,725
GAATTGACAG;588,233,45,640,209,755,238
CGGTCTTACT;109,269,539,201,12,95,517,376,111,265,399,664,131
CGAGCACGTA;635,529,732
CACGCACCGT;437,379
CGCCCAGGGA;434
TGGATTTGTC;602,618,268,723,646,136
TAACCCACCA;542,421,311,510,394,394,420,64,523
TCCAGACTCC;14,55,339,180,344,629,222,361,346,119,371,80,124,371,5,431,567,716,452,639
ATCTTCGTGC;363,489,110,421,223
CAGTGTTTAT;495,686,161,55,191,581,311
GAGCTAACAC;342,786,132,339,396,92,305
TCTTGATGAG;241,587,278,140,662
TGAGGGTTCG;526,561
CCTACCACCA;716,182,283,58,398
TCTTTACACT;102,350,777,227,328,174,682,164,508
ATTCGTTATT;162,645,700,555,325,144,618,270,127
CAGCTGCATC;121,232,519,464,400,249,435
TACTTTTCGG;547,483,317,334,653
CGTACACCGG;357,630,678,530,660
AGGCGAAGGC;209,676,5,773
GCTCCGGGAA;692,559
CCTCTTAAAG;64,30,192,633,370,189
TCTCATACTA;303,135
TGCCACCGAG;707,670,177
TGAACACACA;426,709,713,767,558,217,434,92,15,643,69,591
AGACCCGACC;672,183,66,400
AGCGTACCAA;394,509,315,48,209,384,571,629,767,713,130,244,624,277,139
ATAAGAACGG;261,358,784,400,577,534,192,108,138,773,331,621,272
CCTTCCACTT;773,462,676
AGGGATTCCA;678
TACATAGTAG;98
CACCTCACGA;792,704,490,306,602,588,347,192,349,339
CAGGCCTTGA;212,417,44,199,313,106,445,325
CGCTGATGCG;696
CTCGACCTGT;479
CATGTGATTC;294,150,462,476,92,775,141,146,508,753,752,566,680,442,329,315,316,30,429,233,729,589,122,32,22,200,373,690,147,343,144
TATGACACGT;388,200,595,214,405,456,792
AACTAGCGCC;328,401,793
TCGAAGCTGA;675
GATGGACAGC;225,776,245,291,575,135,771,309
GAAGAACACT;26,679
TCTTGCCTCC;656
ATTGCTGACT;208,523
AGGCACCTGC;591,537,94,300,503,394,322,458
ATGCGCGGTT;120,475
CCACTTCAAT;95,792,73,520,427,57,415,117,269,591,393,293,156,207,753,652,441,776,595,216
CCGATGAACC;648
GCCCATAATA;181,463,214,335
GGGCGGAATG;434
ATCTGCTATT;149,24,376,562,495,381,486,275,629,252,192,247,630,108,301,41,160,515,186,333,94,603,779,13,2,397,6,705
GACTTCCATC;213,295,101,73,595,591,25,113,777,708
ATGGTACATT;157
GTAAAAACGG;219
TCGGACTTGC;242,741,496,350,555,468
GGATATACGA;251,605,168,297
TTTGAGATCA;281,377,716,13,223,523,611,332,168,76,95,10,226,424,276,253,47,137,428,779,646,563,234,527
ATATTGTTGA;352,632,96,499,229,289,106,29,214,670,188,303,711,458
CAACAAGTTT;785,81,403,381,765,505,176,387
TAAAACGAGC;786,718,137,533,425,230,773,102,682,569
CGCAGCTGGC;643,531,501,513,686,361,544
TGGCCTGAGG;282,414,748,254,374,64,365,23,786,186,357,375,271,359,676
TCAGTTTCCC;44,383,342
CTTAGCTCGG;552,550,450,636,325,445,243,387,7
AACAAGAGAC;221,453,432,36
ACGTTCATAA;238,616,331,571,293,743,208,43,349,379,211,152
CGTTTGACCG;18,219,218,149,537,76,441,414,340,631,470,761,511,130,726,621,777,584,399,170,194,296,160,621,385,431,666,137,716,702,369,16,583,750,76,55,500,382
AAACTATCCT;686
TACACGGTAT;88,241,620,309,560,599,22,170,726,144,277
AACCACCGGG;723,740,265
CCTAGAAAAT;298,70,278,475,198,320,348,673,312,58,464
AACCGACAAT;192
TAGGTAGTTG;544,620,331
ACATCCTTTC;771,197
TCCACTGGGT;17,684,687
AAGCCCGGCA;199,156,40
TCTCAGCTCT;23,419,507,118,154,644,366,459,675,81,253,680,5,684,0
GGCGGGCCGT;360,510,33,432,516,16,701,556,264,232,721,532,122,199,700
GACCACTGGT;747,512
TGCCAACTTC;330,765,268
CGTTGTCGGA;572,429,535,259
ACCCGGTTAA;554,283,624,633,471,104,505,244,12,327
ACCCGCAATG;239,174,332,315,616,134,125,146,189,728,117,378,287,161,756,148,307,146,309,139,136,352,617,425
TACGCTTCCC;733
GGCTACGGTA;71,457
CACACAAAGG;89,568,749,326,354,561
ACACGATATT;759,399,405
GGGGGCCGGG;585,743,122,476,106,261,459,642,633
CCTTAGCATG;388
TCGTATCATT;293,492,197,302
CTGATGGAGC;232,67
TTTATAAAAT;455,667,576
CCTGGCTGAT;798,382,433,534
TTACAGACTC;37,183,438,68,325,595,261,340,63,564,84,378,197
TGTGCGAGCG;513,33,321,661,186,766,250,444,767,381,476,757,320,514
CCCAATGAGC;669,281,640,679,217,157,18,463,242,303,13,473,425,233,518,405,617,475,107,427,300,607,373,165,399,226,325,283,365,248,232,526,90,528,156,383,62,506,300,632,597,35,656,256,587,15,98,728,371,54,749,412,611
GATTTGTTTA;787,401,194,293,660
CGCTTCTGCG;203,337,789,25,0,474,525,413
TTGGTTTAGC;797,546,204,635,54,437,784,754,20,85,673,660,559,721,763,332,403,253,445,117
AGGAACTCCT;534,69,767,527,514,363
GTAAGGGAGT;163,644,231,548,249,354,126,30,407,487,309,718,458,482,383,159,654
GGTATGCGTT;20,151,46,755,614
TTCCAGCCGA;59,306,624,160,578,86,228,397,136,498,528,283,317,591,782,595
TACACCTAAC;550,95,572,288,183,454,18,312,779,753
TATCTCATTA;480,374
CAGAGATGCT;167,58
TACACGCACC;108,707,750,251,330,181
TGAAGACTAA;140,304,383
CTATGCTGCC;585,9,552,191,683,527,780,70,430
CATCGGACCG;431,796,116,377,548,418,424,510,7,397
AAAGGCTACG;601,683,119,392
TATCACGACT;398,394,235,695,371,601,273,343,599,765,101,374
TGTTCCCGGA;645,10,703,239,178,75,234,38,477,246,197,252,393
GGGACGCCTA;445
TACTTTTAAG;479,717,646,182,370,13,434,707,201,295,553,479,146,698,233,291,118,698,675,673,529,405,735,426,254
ACCATTCGTA;557,353,318,182,676,79,129,460,81,625,572,546,4,96,513,251,265,486,770,324,54,418,579,655
CCTTTATCGT;193
TTTGTACTGC;307,468,673,198,108,121,252
GGATGAGCTT;465,111,345,186,300,588,552
AAATGTGCGC;585,359,364,535,745
ACCGAATCTT;410,37,361,624,580,317,214,535,716,242,354,121,85,326,558,267,431,647,456,308
GCCAAGTAGA;440,746,587,468,238,38,487,637,273,753,323,92,641,180
GATCATTGTG;715,595,627,167,33,674,509,705
CCCAAATGAT;516,298,596,458,489,47,400,85
CTACGACCCT;73,56,551,93,716,234,694,620,321,117,257,457,241,129,640,301,563
ACTCATCTAA;592,555,780,237,18,145,293,692,463,703,784,621,122,223,688,653,446
ACCAGGATCG;743,652,415,773,97,373,783,505,125,785
CGACGGTTCT;334,358,771,362,615,157
CAAGGCTCTG;234,692,100,117,241
CATCGATAAC;200,614,354,169,615
GCGACTTCCA;418,268,192,288,90,504,219,446
GAACATTAAT;294
CAACGGAGTT;792,469,198,287,476
CACAGATGAT;578,183
GGAAATATAC;753,627,654,248,73,221,359,695,642,505
GGGGGCATGA;30,663,596,737,596,338,145,328,291
CAGAACTCCC;504,73,115,257,149,240,496,508,108,314
CCGTCCCTGC;694,339,669,168,798,455,632,355,499
CGAATTATTG;569,351,119,407,276,64,776,251,578,151
GTCGGCGTTC;201
TTAACAACTG;635,309,665,152,174,180
ATTCACGGGG;368,454
TTTATGAATG;144,119,37,178,616,750,635,375,71,112,533,686,663,399,563
CCGGGGTAAC;107,506,148,502
GTCTAAGTTG;104,727,455,718,49,163,391,291,404,729,238,292,410,360,266,727,138,205,440,490,225,115,695,56,429,357,35,470,309,220,273,314,707,9,735,29,337,173,291,577,448,198
CGCTAGTAGT;62
ATCGGAACTC;87,633,700,45,113,712,493,702
TACAGAACGT;687
CACTACAGTT;100,282,320,679,750,484,112,12,396,714,35,190,319,139,167,143,21,755,103,19,205
TAGTCTAAAA;44,546,127,662,210,46,257,1,760,343,371
TGGCCAACCA;7,83,222
AAGTTGCAAA;104,681,669,713,150
TTGATTAATG;424,405
CAGACGAGAA;362,176,636,632,772
GGCCTGGGGA;689,221,727,383
CATAAGAGCG;352,314,426,651,426,331,389,51
TCGTGCGAGC;341
GACAGCGTTA;591,721,406,323,424,763,468,271,794,789,735,224,181,177,27,23
GCTATGGCAG;175
ACGACGGTTC;199,638,676,129,624
AGCCTTCGGT;411,720,670,79,558,735,522
GCGCTAACTG;721,718
CGTGTCCGGG;536,490,410,227,96,447,622,772,38,521,522,61,451
AACCGCAGGT;671,312,739,294,779,531,447,602,443
TGAGATACTC;412,261,34,45,713,146,766,113,665,662,325
CCAGCACACG;783,22,109,680,117,593
GACAGTTGCT;277,607,189,580,456,587,276,621,480
GTATGCTTCT;215,221,770,6,492,494,226,232,315,760,53,541,64,700,99,546,302,608,503,247,116
AGATGTGTTG;608,177,25,766,471,471,114,598,122,701,449,586,735,549
CTATCGGCTG;21,594,658,354,71,339
GAATATGCAG;279,334,127,340,243,108,21,205,200,663,310,581,585,184,526,753,288,747,382,613,475,215,12,89,180,509,729
ACGGAAGCTT;202,249,415,532,634,680,203,474,439,179,252
TACCGCCCAG;435,612,695,389,600,456,632,320,769,105,115,365
GCCACTAGTC;120,699,627,286,347,597,770,86,287,343,402,172,198,327,369,3,427,238,418,636,791,499,480
GTCAAGGTAA;530,618,303,370,151,316
CCACGCGATG;163,689,734,792,501,734,283,257,111,741,253,761
CAGCCCCGGC;238,525,392,378,500,268,497
ACCGGAGAAG;156,590
GCGTACAAAT;466,424,411,271,524,435,724,258,792,153,317,166,616,630,182
CGTGGAGACC;293,407,95,388,285,96
GGTGTCACAA;281,753
ACTCTCCCCC;739,128,723
GTTGCTCAAG;94,282,465,500,282,791,197,402,114,370,400
GGAATCCACC;440,165,452
TTACCGTAAT;534,466,624,552,368,509,105,450
GCAAAATCCG;533,110,475,136,242,365,341,764,782,388,672,750
CGACTAACCT;138,468,669
CCCATTTCAT;576,652,65,77,710,77,138,686,421,277,117
TTCTCTATGT;55,585,264,277,160,417,536,664,627,419,186,476,255,675,335,280,0,156,252,77
TAACAGTCGG;313,614,169,3,456,450,82,221,471,501,419,490,232,271,660,157
TCGTTCATAA;206,560,615,601,749,140,637,525,692,560,538,555,80,641,200,455,741
CTTGGCATGC;584,618
TCGCTACGGA;270,746,393,775,404,675,685,305,375,208,479,303,128,720,663,281,741,48,104,330,138,3
TTGCCCCGAG;363,279,491
CGCAACGTTT;582,91,265
AATAGGCTGA;626,316,477
CAGGACCCCA;192,627,443,13,192,176,273
CCCAAGTGAA;595,790,71,405
CACGCAACTC;374,616,569,55,643,795,191,354,333,466,448,133,779,380,37,123,566
CGATAGTTAC;592,715
ATGCCCTCCC;531,148,149,614,24,493,381
CTTGTCTTTC;518,0,141,63,523,259,565,481,229,287,569,360,152,161,324,384,62,314,739,499,439,386,600,390,569,317,187,84,566
GATCCGTTCG;92,589,138,684,114,106,145,33,524,255,669,245,694,752,618,55,512,397,140
TGTGCTTAAT;182,771,641,88,626,595
AAGTACCGCC;17
AACGAAACGC;400,444,695,285
TCACGCTCGT;235,792,118,391,652,480,729,576,384,20,94,121
TCTCAAGCGC;463,34
TGCAGCAATT;423,242,669,631,143
GACTTATGTA;555,720
CGAGCGAGCG;259,607,516,234,482,621,21,599,698,141,630,375
AATAATAACG;759
GTCAACCGAA;404,176,240,242,144,545,745,172,438,556,606,193
TCACTATAAA;2,489,468,474,245,638,0,472,257,112
TCGGAGGCGT;550,120,306,273,541,32,749
CAACGGTCCG;696,792,664,599,164,96,172
CATAACTAGG;175,456,621,763,531,322,796,262
GACCACCCTA;571,712,295,365,422,323,231,449,467,760,334,338,458,753,458
AGAGATTAAG;314,335,795,351
AATGGCACAC;751,170,606,644,627,626,795,469,718,358,225,555,679
GAGGCTCTAA;128,637,149,298,411,259,566,634,309,569,115,637,788,761,2,769,49,482,384,679,159,558
GGGTACGTTC;127,530,408,621,785,652,396
CGGGGCTTGC;450,586,78,248,494,426,234,331,394
TGGTCAAAGG;666,406,522,259
ACGCTGGGCC;381,187,470,114,393,178,124,420,56,107,49,574,118,678,100,39,650,525,596
CCTACTTTCG;163,562,236,225,350,752,386,499,557,222,765,588,391,479,484,225
TTCGCATACT;705,241,304,642,302,359
TTCATTGTTG;224,113,420,365,449,760,143,325,663,432,616,23,303,162,661,202,452,613,35,162,386
ATGAGACGCG;688,507,262,230
TTCTCTCGAT;333,287,655,779,88,546,397,130,658,325,196,419,315,12,383,60,10,712,797,784,448,443,445,411,463,334,2,148,297,225,52,511
ACACCCCCAA;711,678,614
AGAGATACAC;33,738,458,568,199,33,635,786,24,142,771
CAGTGCCTTA;595,696,756
AACATTATGG;86,222,508,241,441,115,684,469,378,140
TGTTGTGCGA;451,268,695,433,456,752,328,288
CCACTTCGGG;302,317,279,122,153,145,139,465,639,232,339,682,694
CATGTATACT;202,619,451,499,712,376
ATACCTGTCA;378,713,210,322,501,589,487,463,395,146,234,209,141,335,644,396,742,556,62,768,699,423
TAACCCCCGG;587,470,263
TAAAAAGAAC;95,767,206,475,67,161,217,50,546,559,89,475,36
TCAAAGAGCG;249,489,256,39,562,444,724,421
GCACTATCTG;673,615,347,739,363,528,77,720,22,575,99,437,200,263,520,726,656
CGTTCCGAGC;731,689,161,92,305,119,713,26,764,13
GGACAACTTG;424,58
CTGTTAACGC;246,274,109,548,675,755,428
ATTGCCTATG;264,68,402,400
CAAAGTTCCT;267,8
AAGTCTTTGT;20,281,246,510,620,554
CGCTCAACCG;509,38,44,473,36,80,734,792,233,564,133,324,36,715,687,456
CACACCCTCC;532,509,448,476,521,570,1,792,211,158
GCTAGGAGGG;104,539
GCTCCGATTG;599,661,247,171,182
TTGGGTATCG;64,203,303,400,538,486,505,69,196,58,370,180,28,676,305,643,194,197,677,633,98,413,349,323,154,602,161,492,761,355
GCACGCGTCT;493,660,167
CCGAATTTTG;455,657,195,584,405,397,465,600,269,754,200,246,582,226,37,187,631,56,525,53,752,263,380,209,764,119,717,364
CACCGCCTAG;470,182,581,350,228,644,12,773
GTCTCTTGTA;147,367,579,131,512,404
AGGGATTTAA;663,686,687,104,403,369,400,176,70,423,779,775,108,538
TTGCTGCGGA;374,689,746,249,448,265,265,188
AAGGGCGCCC;567,681
ATGCTCAGAT;708,84,659,377,208,268
GTAAATAGGA;204,293,554
GCGTTAATGC;169
ATGATCACTG;574,311,687,93,123,345,298
TTCAGAATAG;591,756,685,563,17,250,568,148,36
TTAGATTTTA;447
TCCGAATCAT;461,584
CATTCCAATT;424,580,21,633,700,681,299,511,426,690
GTGAAAACCC;248,148,625,282,545,37,607,145,88,186,4,264,573,382,190,263,701,679,734,571,485,453,12,760,144,144,412,625,716,765,163,227,632,102,627,566
CGCGAGGTAC;566
GCGAATCCTA;318,302,224
CAGCAACGTT;255,718,221,598,494,230,558,662,292
TCCTCTCCCG;65,671,428,355,744,789,253,471,406
TGACATTGGG;326,508,220,755,719,462,326,17,283,530,42
CGCCACCGTC;190,533,337,202,13,553,383,220,620,438
GGGGCAGCAC;258,412,77,342,525
CTAGGTGTCT;655,316,9,62,622,50,305
TGACATTTCT;317,367,392,439,198,705,377,215,211,717,525
GTCACCGTCA;113,758,233,447
ACTTGCCCAT;468,670
GCGATATTGG;744,482,593,56,249
TTACCTAACA;764,174,323,222,560,16,549,444,581,707,277,26,642,590,690,520,636
GGGGTGTCCT;303,230,185,734,289,421,489
GGTTCGCCAT;724,515,259,60,738,397,142,651,624,553,471,59,105,83,516,162,713,234,380,646,462,198,90
ACTAATGGAA;116,678,445,425,500,561,340,687,117,119
AACCTCTCGA;129,80
CCATTTATCC;729,680
CTTCCAAGCG;219,26,772,442,552,692
TGCCCCCTTA;798,758,563,786,432,43
GCCGATAAGC;417,408,496,180,179,67,686,492,423,85,43
CTTGAACGGG;624,570,492,604,722,764,625,404,309,713,377,30
AAGAAACAGG;459,370,617,677,658,38,495
GTACACACTC;514,652,367,160
TCATCGTCCT;26,588,745,218,623
CATGGTTGAA;443,610
AATAGCTACT;193,398,559,281,482,205,531,496,141,364,524,348,640,506
GCTTGCCGTC;220,727,335,230
AATCGAATCG;723,73,210,486,794,635,289,12,25,166,411,558,143,723,235
CGCATAAATT;574,521,256,253,492,770,100,679,780,261
ATCCTCTCCA;25,666,750,90,441,205
ACGGAGATCT;731,104,688,172,420,133,261
TGGTGCCCCC;695
GCGGACAATA;493,56,4
GACGATGGGG;577,54,670,457,725,582,627,16,548
GAGCTCGAAA;247,799,381,34,434,373,3,444,757,254
GACGAATGTA;627
ATAACCAGGC;473,379
AAGGCGACCT;217,455,670,290,532,733,740,331,696,460,160,407,253
CTTGGTTTAG;298,756,488,40,258,774,785,456,260,599,272,154,454,299,298,452,674,177,490,772
CGATATAATG;422,408
ACACTCTGTA;83,689,621,476
CCCAGAATTA;580,100,162,494,56,52,200,637,613
GTGGTAGGGC;3,343,153,677,337,761,253,333,452,534
AATTCCGTTC;243,200,130,17,459,273,290,520,309
AGTGCGGCCC;607,58
AAGGGGTGGT;276,351,449,236,419,343,231,0,375,528,728,133,249,684,93
CCAGGAGACA;652,645,721
TCACGTAAAA;691,79,635,151
TCGACGTCCG;525,452,714,57,286,787,132,197,786,387
CGAACGTACC;411,783,617,671,155,710,494,706,163,205,119,530,137,491,181,389,336
CTCGCACGGT;257,437,765,656,582,84,75,631,752,596,353,614
CGTGGCGTGG;510
TGAAAAGGCA;229,420,265,661,796,230,176,236,544,419,604,172,582,115
GATAGTAACC;206
CCGATCAATT;774,176,591,16,747,218,239
CTTAGTTCCC;626,625
ACAGATCAAC;193
GATCCCCGTA;407,787,38,744,246,212,581,675,695,753,544,458,84,297,505,309,2,412,50
TAGCAGACTA;237,405,725
ATCGGCCATA;237
CGCGCCACCC;104
GTACGAGGGG;409,397,458,482,76,598,206,381,716,566,697,690,76,467,775,467,343,263,611,150
GTTTTGGAGC;64,769,424,39,179,442,481,750,146,737,255,694,78,705,519,713
CGCTTCGTAA;775,644,261,451,553,24,238,264,268,608,228,539,610,445,630,50,722,797,365,548,655
AGTAAACGTT;313,553,357,334,56,499,765,342,32,255,407,208,616,492,157
ATGTGGGACC;775,176,731,306,707,656,369,267,25,363,72,668,514,66
GCACTACTGG;213,621,415,531,529,151,555,517,67
GAACGAGGTA;711,580,86,519,177,21
GTAGCTGCGG;255,165,684,370
GACTGGTTCG;699
TGGACTTTTA;462,787
CGGTGGCCTC;287,318,638,90,554,182,420,366,40,190,262,392
GTTCTCTTAA;786,50,757,120
CGGTCGGAGC;371,488,421,337,581,190,650,407,638,510,746,592,637,787,634
CCCTAGACGA;231,191
ATTTGAGATG;171,505,24,753,28,155,562,259
GTGAAGTGAG;249,611,671,377,27,730,201,181,334,766,158,415,207,582,623,335,579,37,777
CACCGAGGCT;204
CCCAGGTCAG;562,498,596,766,128,523,386
TCATTCTAGC;762,353,401
CACAATAGTG;186,318,220,438,483,355,736,192,201
TGAACTCACG;481,660
GCGGGTTTAA;308
TAGCGCTGCC;349
AACGCGCACA;498,34,792,745,653,324,437,212,214,593,316,663,161,583,325
AAAGCGAATG;478,452
GGATACTAGA;340,354,450,82,283,611,250
GCTTAGACCT;12
CACATACAGT;793,586,514,487,239,512,292,188,325,242,744,515,731,568,742,73,517
CAATGGGGGT;640,383,474,19,559,679,583,734,643,52,481
TTTTTATACA;578
ACTTGCGAAG;558,794,179,532,322
GCCTGCATTG;634,292,794,71,34,740,572,425
TATGCCACGT;584,553,333,310,12,646,541,296,149,614,430,187,222,239,360,69,295,155,193,34,597,27,356,50,233,768,461,345,68,334,320,599,108,195
CTCAAAGTAT;112,684
TCCCCGGGTA;435,57,582,493,261,469,104,243,298,75,55,274,275,5
GATTTTTAAC;244,106,667,669
GGGAATACGC;670,1,249,587,304,629,482,5
TAATTGGGGG;69,7,248,483,332,357
TGCAACTGTC;36,566,43,375
GCTCCGAGTT;631
CGTGGCTTAA;551,290,450,516,194,83,674,435,491,380,383
CGAAGTAGCT;219,131,345,282,625,293
CACAGGAATC;379,636
CAGCAGGGTT;766
GATATCGCCA;779,218,744,154,301
CCACTACTTT;502
GTGCGCACGG;380,80
CGGAATCAAA;437,638,771,218,654,60,676,732,657,451,772,45,90
CAAACCTTGC;181,376,572,279,83,791,32,307,493,335
GAAGGTAACC;56,257,217
CCTTGTCATC;653,146,188,719
CACCCGCAAT;417,622,465,551,276,39,342,670,633,197,73,454,64,30,479,207,111,320,646,162,353,126,139,272,297,784,680,307,680,459,401,413
TCTGATACCA;555,227,272
GTTTACCCCA;475,88,1,604,283,246,736,188
TATTCTAGAT;379,335,259
ATGCACAGGG;88,303,210,634,717,160,650,505,527,287,563,298,329,519,722,65
GCCGCGTGAC;29,273,766,588,231
AGCAACCTTG;265,174,71,222,292,71,108,0,165,21,459,117,393,426,72,352
TGCGACTGAT;471
TTTCTTGAGT;16
TCGGTTACTC;459,570,667,705,449,461,285,460,611,396,212
ATTGTATTGC;574,53
GCTAGCGGCG;709,448
TGATGGTGAC;637,600,613,220,160,136,662,724,1
GCTTGCCCTT;690,775,697,255,195,549,553,64,623,174,630,681,443,148,137,304,291,290
AGTGCTCTGG;180,395,136,542,89,696,362,226,260,715
GCTAAGACTC;708,149
CCGCGTCACA;498,690,318,736,701,347,258,374,24,226,385,387,391
ATAATGTCTA;77,253,624,331,774,561,205,639,622,437,139,793
CCTCTCAGAG;683,522,473,420,33
CGAGCATTTT;168,621,229,126,658,496,757,29,537,371
GAGACTCAAG;268,612
GGTGATGGGT;405,565,401,561,360
GTTTTGACAG;335,116,209,568,196,612,509,656,71,111,525,721,405
TCGTGTGGTA;781
CTTCCTAGTA;57,744,316,52
AAAGCACAAC;576
GCCACTGCCT;3,350,261,152,701
GGTGTCCAGG;158,524,562,517,268,681,300
GACATTTACC;366,115,224
CGCGTAAGTC;794,776,755,90,578,733,141,581,510,785
GTTTTTTCTA;370,408,318,335,547,352,241,742,289,339,317,39,480,67,590,519,273,720,531,478,532,584,195,618,488,305,772,404,531,22
CTAGAGGTTT;169
AACACCTTAA;492,545,209
TGGTATCGTA;658,504
TCGACTGAAT;756
CCGGAGAATG;475,261,394
ACCAGTGGAT;601,52,398
CCCAACTGTG;451
GAGTTTATAG;562,751,204,53,248,498
GTCGGAAGTG;201,224
TTTTAGCTTT;693
ATTCCCCTGG;131,681,727,513,208,26,240,344,108,620,498,660
CTGAGTAAGG;760,246,318,168
ATTAGCAGCG;431,686,591
AGAATGATCA;394,381,134,707,778
CATTGTTGGA;3,523,522
GGTGGTCTTT;763,454
AAGACGATTC;55,466,204,217,711,321,636,607
CACACCGGTC;663,241,787,13
CGCCGCCTGC;407,735,530,209,266
TGAGTGCTCA;623,284,229,59,297,418,309,735,267,533,655
TAGCTAACCC;451
TGTCCTTCGC;606,694,571,588,543,444
CTTACCCCCT;138,550
TTGCACCGCT;202,505,717,505,320,222,311,590,672
CAAGGGTCTC;620,221,267,748
AGTAACGACC;568,477,361,755
CTTTATGGAC;216,411
GATACTTGTA;503,261,94
TTCGCAGATG;453
GGAGATTTGA;670,248,589,167,441,535,143,342,755
TCCGCGTGCA;246,406,244
ACACGTACGC;299,541,498,113,202,566,15,295,542,661,200
AACCTTCGCC;96
ATCGTACGAG;121
CTACCTATTC;379,59,541,275,384
TGGCCACCGT;752,227,653,704
CGTCGGGGGT;321,334,657,302,259
CGTTCGACCC;665,717,418,766,635,735,171,615,120,226,201,572,450,596
GGTAGAACAT;570,244,639,785,20,552,717,328,151
TCGAACGATA;19
TTGCCTCCAC;765
ATGACGTAGT;665,118,783
ACTCGGACGA;760,638
CAGTTCAATG;798,609,112,714,455
CCTACCCATC;589,427,642,523,486
TGCGTACTTT;754,432
GCTCTTAAGG;693
GCGCCCAGAC;509,505,328,700,634,522,93,350,345,599
TCTGGCGAAT;649,627,122,1,415,114,691,248,196,788,16,2,105,468
CACTTAGCGC;134,647,536
CCATCCGCGT;563,290
CAAGTTCGGG;462,571,508,662,298
CGGAATACAC;263,363,736
GAACATCAGG;688
CGTTCGGCGT;391,532,775,482,720,291,453,570,380,759,618,236,500,759,307,273,210
AGTAGCTCTA;124,525,738,767,567
GGGACCTCTG;288
AATGACTTCA;495,15,355,85
TCAGGCCGAT;545,261,754,559
CTTCCGGCAG;663,430,46
GGCGAGAAGT;336,530,124,685,302,121,116,131,489,11,665,98,743,261,599,106,195,54,32,31,498,493,210,313,59,596,584,232,386,526,57,96,423
CAGAGCTTTT;379
GCCAACGTTA;63,728,298,763,296,402,503,710,572,471,292,22,663,673,432,667,43,768,218,439,504,143,651,167
CTTGCGTAGC;347,280,342,574,487,503,549,128,173,528,600,147
CATGATTTAG;273,718,14,199,287,32,342,25
GCTGATTAAC;368,143,582,35,608,145,83,44,22,61,332,92,102,339,168,127,218,229,638
GATCGAAAGT;428,413,662,78
GTAAGCACAG;68,145,573,731,767,462,94,450,270,455,584,249,170,71,367,185,172,167
ACTACATCTC;737,411,392,130,768
GGCAAACGTC;7,28,92,775
GGGTGCGTTT;401,311,244,783
AAAAGTACAG;8,119,643,278,468,618,199,609,312,549,179,674,218,173,197,648,224,280,765,156,165
TCCTATACTT;213,476,349,556,146,770,175,640,780,555,63,542,747
CTTGTGGAAG;368,197,170,197,395,92
AGACCCGTGT;685,271,538,753,340,577,631,757,281,433,655,532
GTTGGAACTT;561,18,392,22,421,453,659,568,14,61,245,398,41,189,371,133,616,145,498,181,279,775
ATATCGCCTA;566,355,572,655,505,155,449,785,157
TTTCCAGAAG;280,716,552
TGCTCCGATC;601,468,161,473,228,260,711,486,88,314,145,730
GCGCGGACTT;643,240,256,122,194,602,378
AATGAATAGC;383,262,237,287,544,128,703,797,742,183,393,601,378,97,269,276,148,185,178,97,638
TCAAAAACCC;341,279,286,770,494,293,335,153,520,619,200,583,408,684,309,652,698,378,673,330,701,564,649,38,329,73,160,750,726,580,220,513,685
TCAGAAAACC;621,159,374,192,454,613,583,407,641,471,373,689,206,10
AACCACAATC;683,689,271,20,645
GCCTTGTTAG;88,287,149,738,517,554
TGTGATGTTT;257,368,202,298,561,595,58,357,184,781
CCTCGCCCTG;791,257,237,158,3,336,151,189
GTCCAGCGCT;346,54,753,101,759,382,349,149,659,594,698,335,596,59,645,99,365,585,189,462,75,561,194,569,358,604
TTCTCGGGTA;614,605,394,516
ATGCCCATAG;117,254,587,144,764
CCTAGAGGCT;754,698,183,636,211,197,675,734,401,531,687,369,572,752,562,647,147,562,508,174,286,658,741,199,760
TTCGTCTATA;739,484,626,349,237,478,441,657,407
GGTCCGATGC;432,119,707,252,658,374,786,306,549,152,289
CTAACAGAAC;39,185,516,686,239,268,734,542,325,322,267,4,289,648,581,353,580,207,36
AGGTTGAGGA;429,152,465,572,287,437,243,68,721
TGAAACGGCA;627,409,697,104,740,114,621,119,475,91,119,448,311,70,30
CACGATATGT;37,332,624
TACTCCGCAA;157,571,49,423
AGGGAAAGGA;84,609,226,223,185,63,619,292,326
TATGCCAGGC;682,510,573
CGAAAAGCTA;379,376
CTAGTTACGA;582,568,276,15,327,78
TTGTGTGTGG;557,14,72,305,551
AGAGGGTACA;283,140,115,390,787
TCCCTATATA;130,637,629,578,172,184,566,169,402,409,152,185
GGAGGGTGGC;47,727,373,435,421
GCAAATGTGC;210,384,585,544,44
GCTTATGCTA;634,154
GCACTCTATT;596,7,519
GACATGTTAG;576,709,289,8,244,18,283,324,538,56,182,504,131,594,593,442,572,744,216,22,1,228
CACCCTTGAT;573,570,647,748,639,439,677,532,417,636,398,466,420,799,782
ATGTTGCGAA;129,175,296
CTTTTGTAAC;416,525,668
TGAGTCAAGA;344
GACGCTAAGT;620,463,681,599,446,339,191,685,390,505,165,752,317,299,506,789
CGACCGCAAA;689,757,250,382,99,596,711,310,248,696,90,340,229,506,154,745,528,437
AGTTCCGCAC;652,750,557,478,245,683
CGTCCGCGGG;128,508,326,723,412,216,205,503,539,350,67,78,99,785,660,206,366,32,253,618,799,719,693,435,193
ATGAAGTTTC;42,339,689,474,16
ATCCCACCAT;450,157,583,661,589,424,284
CGTTGTCCGC;194,114,385,196,73,168,408,721,173,748,332,250,214,351,477,515,695,468,609,326,99,540,505,399,199,12,708,725,259,103,461,2,48,499,414,141,392,327,782,614,524,777,606,291,428,363,123,665
ATCTTAGGGT;707,176
GCCCTAGGGC;693,101,473,612,770,285
GTAGCAGTGG;193,545,592,320,695,705,698,432,694,84,295,59,260,741,458,346,680,300
AAAACCCGTT;432,660,422,773,748,53,727,172
GCTAGCGGTT;656,34,131,26,342,125,186,614,776,248,329,390,511,676,784,655,565,28,280,17,274,200
AGTCCATCTG;587,128,667
TCAAGCTCAC;207,577,776,282,481,277,794,595
TTGCTTTAGG;639,426
AACCGTTCGC;300,694,75,431,352,484,702,157,113,96,253
GAACTCGAAA;523,131,611,606,568,503,24
ATATAGCACC;780,784
GAAGGGTGCT;319,259,780,10,743,530,486
CATAAATACC;309,159,684,554,564,21,290,740,280,737,43,222,372,559,436,7,505,27
GAGAATTAAA;361,3,765,462,482,42,241
ACGGTCGCGA;372,574,367,763,73,189,208,771,704,433,237,566,95,710,242,615,320,448,65,630,439
CGTATCCTGA;111
TTCTAAGGTT;516,516
GAAGAGACAA;620
GGTTCTGTAC;24,36,323,470,796,723,756,664,104
GTAGGACCAG;465,367,371,448,626,392,555,782
TTCTGAGTAA;484,296,108,18,284,112,238,479,342,792,717,364,346,674,233,118,630,756,597,746
TAACACAGAA;444,367,570,28,350,490,639,592,331,188
TATGAGGGTT;667,338,480,205,258,36
GCACTATTTC;633,109,629,425,786,102
GTCATACCAG;82,79,676,627,357,499,6,475,550,300,746,276
ACGCCGACTT;274,519,335,209,549,106,570,353,130,482,736,599,574,54,111
GTCGGTAATG;766,325,251,692,386,780,331
AGAGACTTGG;584,298,723
CGAGTCAGGC;292,54,266,69,200,794,30,146,614,645,662,68
TACAGTTATC;228,367
CTAACCGAGA;566,442
GTAACAGGGA;244,782,92,144,147,593,79,475,85,634,91,764,302,567,396,435,180,219,598,154
TAATAGGCAT;262,446,115,732,227,255,193,611,687
ACCTCTCTTT;673
CCGCTGGAGG;454,618,338,581,542,257,271,464,344,407,91,447,134,540,386,192,626,24,269
AAAAGCTAGA;143,742,248,489
AGGTAGCCCG;499
CAGGACGGAT;774,592,654,614,727
TCTGTACTCT;679,350,407,658,516,160,447,354,450,199
CAAACCCGCC;498
CCACCCTTCA;168,78,474,666,794,286,451,309,607,532,583,763,504,74,106,541,663,150,213,670,362
TCCCCTGGAA;139,618,739
CCATTTTTAA;186,96,393,471,570,145,526
GGCAAAAAAA;322,471,249
TGTCTCGTAT;768,254
TGCTCTCAGT;408,645,262
GGATTCGCGG;519,525,225,696
GTAGACCATC;451,366
TCAACTTGAA;572,547,149,71,380,243,779,74,127,83,704,182,36,27,305,497,701,167,320,615
ATGGCCCTAA;125,13,589,497,668
CTTATCCCCT;73,416,509,32,688
GAAAATGCAA;683,771,180,94,706,315,767,123,689,664,83,682,272,148,109
GGTGAGTGCG;393,95,221,620,414,138,74,478,540
GGACGCTTAA;440
CCGTAGCGCT;515,668,249,27,95,599,58
ACGCAATCCT;795,545,463,232,103,371
AGTGGAGTCA;62,751,398,732,381
TCGACTTTTG;638,215,781,762
ATTGTTTCAC;206,699,637,625,611,214,619,495,759
CTTATGGTAC;146,756,149,626,329,132,244,704,497,760,516,689,411
CGCCTAAGCG;383,112
GGCGGGGCTT;353,201,462,531
TACCCCGGCA;275,759,616
AACGATTGCA;4,130,228,635
GACCCCAGTT;98
CGACTCGGGT;535,518,156,316,37,665,206
GTGCTCACTC;275,319,26,105,764
GTCTATCTCT;754,784,763,247,124,92,625,105,342,353,793,71,52,380,705,799,449,509,653
CGGTATTGAG;533,360
GCTCATGGCT;449,622,250,775,462,557,762,165,622,327,347,287,379,759,313,602,271,547,364,432,649,338,705,743,204,232,185
ACATGTTATG;232,581,750
TTTAACCCCT;626,481,693,661,492,143,261,91,60,520,36,622,496,288,456,376,221,20,179,168,687,430,608,315,252
CATGGCTTAG;249,61,440,657,246,373,77,428
TCCTAGCAGC;607,513,495,454,541,142,699,89,209,758,17,749,271,326,772,261
ATTACCAATC;458,90,342,575,197,701
CACAAATACA;135,523,39,498,476,135
TCATACTTGC;474,609,672,797,405
ATGTTGGCTG;271,177,198,101,633,27,23,75
GTTAGAAGGT;728,35,701,645
CTGAGCTTTG;447,685
CGCGCTACTT;785,505,70,799,780,76,332,608,30
TTCTATTCTA;753,624,277,340,198,193,683
TCCTCGGCGG;487,187,86,263
TCCACATGCT;632,614,509,508,280,579,316,8,470,578,505,158
CCTAACCTTC;412,611,378,698,388,83,523,417,737,396,542,159,114,391,220,416,293,470
AAGATGACTG;722,465
TGACCAGTAA;213
TCCTGAACGG;735,487,369,204,184,123,395,137,447,473,709,703,614,24,691,688,520
ATTGATAACG;607,742,308,607,241,11,237,211,83,423,726,112,496,218,227,190,333,696,513,533,284,191
TCCATTCGTC;328,773,493,619,234,292
AGCCAGCTAA;47,160,517,239,696,245,282,73,336
GGTGTAAGAG;359,189,42,139,778,326,723,43,597
TTGTGAGGAA;465,547,183,187,709,713,613,348,604,757,764
TCGTGACTGC;792,780,125,335,330,713,275
ACTAACTCGT;178,699,265,197,611,39,596,181
GGGTGCTGCC;411,739,432,325,486,519,187,764,322,520,371,540,147,435
AGGTCAGATC;624,246,281,770,623,270,366,543,727
ACATTTACTC;179
GGCAGCATAG;720,77
AGCGTCACCC;11
ACGCACTAGG;98,574,634,220,69,500,82,417,98,53,684,175,642,607,195,380,417,652,146,263,170,263,206,315,574,312,690
GTCCTCTTCT;499,707,635,240,4,35,453,208,521,578,23,462,702
CAGGAGTTTC;363,495,521,19,37,304,529,58,215,705,185,229,177,84,71,763,103,245,238,269,596,236,435,178,274,488,607,787
CATGGGGTCA;198,378
TATGGTCACT;585,532,529,46,234,210,258,481,397,75,490,61,569
