CTTTTGTATA;377,833,210
TCTCGCAGCC;396,216,568
CATTGGACCG;401,308,237,175,812,689,411,576,692,855,751,814,323
GCCGTAACTC;380,857,584,143,804,605
TAATACTCAG;100,508,31,48
TCATACGAAT;623,713,647,301,88,743,6
GGACAGTGCA;655,860,746,309,316,724,742,282,268,867,848,368,710
TGACCGAATG;564,736,44,621,306,507,505,266,744,533,220,621,839,365,154,839,244,811,484,513,357,754,802,769,9,37,652,524,36
GATAGTGTCT;786
CCAATTGTGT;76,79
GGAGTCGTGC;347,370
AGCCTTCCCA;591,882,259,543,818,825,721,599
CAGTTTCTTG;657,232,397,848,300,609,870,732,356,668,726,793,5,448,42,416,409,874,381,807,323,598,666,553,110,437,119,666,598,8,631,268,303,118,269,388,141,453,704,556,299,234,291,624,505,44,424,622,354,304,201,70,528,219,195,565,580,121,175
GTAGTGAGTT;39,811,244
GATAAGAGCT;204,732,827,72,895,708,387,665,865,596,796,334,341,300,124,810,854,430,555,5
TGGCCAAGTG;687,856,378,253,761,161,781,1,234,799,552,690,306,32,875,358,732,495,112,34
GACTGGAGAA;149,812,674,315,339,141,27,354,3,650,24,48,354,877,339,27,695,66,693,462,674,518,147,465,494,815,463,803,98,286,98,707,288,633,159,1,832,292,218
GGCCGGCCAG;78,299,34,429,214,872,760,674,283,384,545,741,565,200,403,516,317,547,512,280,819,198
GGGCGCATTC;113,251,322,495,178,116,101,619,892,185,103,496,399,284,178,861,257,897,115,672,374,256,486,531,714,577,538,669,546,628,387,388,162,215,397,39,6,888,10,153,658,865
CGATTGGTAG;800,582,443,770
CTAAATGGCG;344
AGCATGCGGT;829,583,891,630,50
CTCCCTTTTC;808,119,453,872,11,301
CAGTCGACGC;461,889,211,570,803,80
TTATTGTGAA;498,773,396,43
CACAACCATG;3,331,372,364,298,589
ATATGGCGCC;826,100
CGTTGCTACA;191,212,255,729,554,383
GGTTGCCGTT;281,394,645,314,147
TTTGGAGCTA;615,559
CGGACAAATG;420,269,878,447,446
TTATGGCGAG;47,336,379
GTCTTTGCTA;872,620,377,803,627,499,878,313,756,268,166,730,896,865,204,523,179,168,234,596,561,291,312,379,247,494
ATCGCCCCGG;43,402,683,570,552,200,286,745,612,249,56,261,95,697,327,93,55
TAGCGCAAGT;653,492,541,732,690,496,245,190,158
CTCCAATCCA;241,721,202,673,423,341,394,496,353,95,139,322,841
GACCCGCATT;336
GCGATGTTAC;70
ACACTCTCAT;312,8
CTCCGGAACT;5,617
GTTGGCTTCC;816,469,680,417,586,200,696,334,896,661,271,667,127,805,500,113
GAAGCGGCCT;804,112,719,851,292
CGAATAGTGA;381
TAGGGCTCGG;242,844,641,632
GTAAGTTTAT;669,203,582,471,668,232,35,343,825,121,109,253,404,48,576,690,849,853,114,429,585,740,631,841,667,458,289,792,502,549,60,560,359,384,482,620,541,222,264,588
CTTATAATCA;40,103
AGATAGGATG;757
TGTGAGGGCC;666,737,879,711
TTTGAGAAAG;585,542,636,127,592,280,341,222,167,123,45,411,688,819,220,897
GGCCGACCCG;370
TCAACTGCAG;357,534,263,298,727,845,797
CGGGGGTTGC;489,502,368
TGAGGAGGGT;268,610,192,95,179
ACATCTAACA;719
AAGAGCTCAG;673
CGTTTAGACG;375,881,349
ATTTCCTGCG;355,527,867,331,383,803,874,862,329,166,413,691,577,663,22,611,891
TCGTTCGTAT;4,693,874,124,851,77,705,313,47
CCACGGATCG;726,851,192,867,241,110,890,875
TGAGAGCGGG;533,333,756,878,807,144,109,556,873
TTCATAGGCT;778,265,754,560,707,548,148,874,773,296,56,865,227,866,54,41,652,312,337,623
CACTTTGGCG;237,399,464,785,258,518,418,454
TGGTAGTCTG;611,132,451
GTACGTGTGG;854,134,610,364,365,52,748,432,738,669,6,866,344,190,585,671,427,126
TGTTCGGAGT;164,753,195,434
GAATGCAATG;235,388,400
GTGCAGCGGT;278
GGGGAACATC;77,183,619,220,786,185,135,192,811,334,782,531,534,389,224
CACACTTAAT;672,870,431,404,459,882,823,597,513
TCTACGAAGG;825
TCTTAATCAT;316,357,79,487,472,318,14,388,854,585
CAGGAAAAGC;465,423,443,486,18,405,844,159,29,461,730,568,104,46,754,457,485,687,0,60,285,473,668,628,439,79,389,334,221,29,350,770,260,758,533,705,83,753,238,378,880,96,754,46,548,594,264,362
CGTAAGCCCA;293,155,481,825,602,445,61,856,671,224,568,355,589,166,704,883,421,439,402,346,487,58
ACGAACCTTT;711,677,549,372,381
TCAAATACCC;282,49,267,323
ACGAGACTGC;355,461,163
GGTGAGTACT;402,203,778,685,639,498,4,492
ATCCAAAAGA;343,850,209,317
CTGCACGCGA;311,604,328,425,716,79,531,544
GGTTCCCTAT;394,766,239,450,734,228,174,31,863,320,648,619,325
ACATTGCCAC;507,658,418
GAATCCCACT;311,96,677,342
TACGCTATTG;610,413,757,184,692,66,376
CGGGATACCA;245,541,88
ATGTTGAGGT;641
TACATGCACA;243,213,210,359,729,437
CTCAAGAAAT;579
GCAGGGGAAC;236,656,124
TGAGTGGCAT;796,770,577,674,483,772,185,351,305,223,132,818,74,760,654,638,141,89,786,8,0,604,303,801,574,482,395
GACTGAGCTA;242,121,792,886,62,840,370,539,148,297,77,557,306,738,309,291,740
ACCTCGCGGA;29,223
CTCCAATACG;65,763,243,781,169,513,27,767,711,6,85
GCCCCAGATG;790,634,478,478
CAAGCTTAAG;645,364,82
TTTAGTTACG;699,143,390,881,459,812,893,368,352,533
AGCATTAAAA;466
CAGTTCCGAA;896
TGGTGTACTA;118,211,296,756,169,429,342,114,585,108,169,736
TTACTGGTGA;298,440,375,294,339,86,312,237,275,230,145,444,337
TGTAGTAACA;275,125,440,320,413,307
GATCATAAGC;157,665,835,758,371,356,59,880,161,22,13,127
GAAGGACAAC;247,38,588,672,297,307,879,231,285,658,101,825,325
AGCTTTAGCG;491,18,867,689
AGATTGTTGT;277
ACGCGGGCCA;90,649
GGCTCGGAGG;636,796,105,126,836,117,814,736,23,546,782,655,600,63,208,298,191
TGGGCCAGTA;612,835,641,690,793
AACAACTTTC;4,340,277,616,169
TATGTTACGA;502,742,661,502,209,95,680,430,744,19,188,416,556,186,85,761,536,432,10,451,377,200,474
CGATCAACTG;641
TGAGCATCTA;161,104,134,143,855,137,121,826,71,446
CGTACGTAGG;803,199,139
AGTTGAGACC;847,11,797,339
CCTTTGTACG;347,758,98,120
ATTGTAATTT;454,814,440,16,1,383,579,745,866,575,537,793
CGGACACCGC;547
GAGGGGAGGG;56,547,441,637,457,687,500,579,92,251,28,80,714
GAAAGACCAT;144,876,648
TCGGAGGCGC;132,754,717,72,193,574,412,760,883,680,204,83,19,62,154,90,838,508,722
CGGTTGTATT;808,876
GGCTTCAACA;54,558
GATCTTGTGG;649,686,287,206,344,163
CCATACCCAT;63
CAGTAGTATA;405,476,59,328,280,52,114,659,671,617,325,480,489,251,821,660,360
CGAGTAACGT;400
TTAAAAAACT;706,275,577,638,229,539,183,776,637,801,296,229,1,265,194,130,447,337,669,871
CCCACCGGCT;126,504,240,210
TCCGAACTGA;741,561,108,168,279,649,694,264
GTCACCCCCG;747,164
TATTTCGCCC;106,828,264,856,295,502,870
CAAAGACAAA;398,395,331,771,660,320,222,702,378,166,113,50,776
GGAACGGCGT;608,453,793,781,13
GCACGAAAAG;31,214,204
TTTGTGACGC;761,585,430,654,790,181,865,829,800,530
GCCATTTCCG;116,179,802
CGAACTGTGT;646,558,348,276,209,91,486,115,412
TACAGCAGTC;156
CCGCCCAGTT;836
CACAGCGTTG;260,565
TCAGCGCATC;440,175,369,687,144,227
CAACGAGAAT;138,845,228
AATCACGCAA;263,581
CTCTGGCTGT;784,744,704,526,629,597,446,256
TTTGGAGTTA;809,462,252,439
TTGACGACGT;334,638,316,21,595,755,577,276,894,351,30,408,610,534,470
TTGAGGACCT;64,517,7,606,238
TTATTATGCG;109,505,817,461,780,509,722,783,532,145,880,504,688,684,337,721,570,406
AGCGTCACTA;416
TTGGTCTGCC;542,46,649,296,825,113,699,232,842,538
ACTGGAGACA;27,518,783,294,507,34,474
TAGGTAGGCA;734,69,727,70,352,779,719,891,524,301,11,577,589,152,136,856,660,279,38,196,25,269,164,104,269,33
CATGCAATTA;340,314,835
CAACTTACTT;279,445,618
AGGTGTCATG;567,588,264,324
CTCCAGTGAG;715,347,233,682,292
GGGGCGTTTA;663,343,199,742,700,479,652,394,828,393,588,191,556
TGGGGAGTCT;299
TCTACCTGGC;588,432,66,568,333,460
ATCTACTTAG;394,64,868
TTAAAGTGCG;694,4,795,48,729
TATCACCACT;664,770,274
TCGGGTGTAC;217,176,261,267,336,587
AGCTACGCGC;147,804,560,827,337,195
AATTCTCTGA;63,121,567,68
GTCTCCGTTC;698,761,205,21,269
CCTCCTGATA;772,801,204,136,867,393,438,460,890,58,456,484,568,886,213
ATCAAGAGCG;769,682,206,353
ACGTCCGGCC;625,782,149,808,693,90,50,333
CAATCCCGAT;329,315,541,658,204,561,569,129
ACACCAAAAC;597,154
TAGGTACGCC;124,410,888,795,519,23,61,14,546,831,384,491
TCTACTACTT;206
GTCGCGTTGC;411,455,616,801,542,855,626,378,326,460,546,137,848
CTTGTAGTAT;538,620,136,398,184,793,492,375,778,280,325,380,423
CCGCTCACGC;158,675,764,335,222,790,6,756,649,218,57,299,246,115,73,335,299,704,565,15,859,247,158,162,309,758,830
GCATTTCGTA;216,502
TGTGTGGAAC;518,324,1,236,762,143,157,151
GCCCAGCGGC;259,692,618,57,858
GCTTATGACA;747,341
GTCGTATACC;369,890,605,752,844,477
TCGTGGCACG;17,835,705,307,14
CAGCAGACGT;441,346,853,423,693,594
CGGGCATATC;302,448,556,76,577,507,549,687,148,113,471,599,687,735,733,472,526,471,609,315,130,209,639,614,670,6
CGCGTCGGCA;877,781,461,262,435,554,466,708,737,623,791,274,666,24,93,174
TGACGTACGT;206,45,194,224,224
CTGTCCGCTA;404,720,114,242,451,789,562,550,50,861,38,554
ATAGTTCGCT;825,830,571,510,317,176,62,496,401
TTTAATAACA;642,273,782,849,798,103,727,545,185,585,588,432,401,439,496,280,834,625,466,32,614,459,660,864,82,594,867,251
CTTAGTGGCG;300,207,565,211,694,22,422,568,566,351,562,133,560
GAGTGACATT;592,828,525,216,115,404,161,411,826,255,352,201,238,32,763,346,276,40,325,462,77,425,284,694
TGACGTCCCA;69,112,568,311,176,640,410,756,111,706,88,815,450,454,323,879,11,270
CTCCATCGGT;530,50
AATCGTAACG;794,404,471,577
CTCCTCCGTC;182,341,33,567,300
CGGACGCACC;146,12,741,303,843,138,378,351,497,401,430,171,334,268,178,69,158,686,197,311,685,821,505,421,526
GGTCGCTCGT;360,792,547,782,651,462
TACTGCCTCG;519
CGTCTGATAT;664,571,646,475,321,518
TTCTCCTCTG;343,404,820,195,898,281,776
TCTCCTGCAT;893,819,420,553,672,162,537
GCCGGAGCCG;872,785,269,13,705,617,99,138,798,375,589
CGTCAATAGC;175,61
GAGACAAATC;593,625,314,850,497,470,70,667,775,353,798
CTGCGGCAAA;496,159,91
TCACTCCTTA;124,465,363,195,646
AATAAAATCA;389,360,112,20,56,47,639,369,731,662,132,816
ACATATACGA;342,240
TATGATACGA;708,273,508,22,569,674,646,301,210,13
ATGCGAGTCC;360,152
GGTAGTCGTG;772,855,649,661,445,190,300,737,265
TATACGCTTT;174,572
TAGTTTTATA;47,707,286,402,124,207,100,401,13,868,888,502,520,664,732
CGGACGAGGA;22,122,430,155,389,24,778,182,278,783,534,785,820,395,491,38,577,84,55,510
GTGATACCAT;10
ACGCCAACGG;283,322
ACATCTACCG;645,861,39,530,203,771,693,592,151,112,575,411,792,338,367,271
GTGAGACGGT;187,220,342,445,851,438,839,609,825
AGGTGGAAAA;34,624,494,458,380,413,208,174
TCATGACGCG;881,392,29,772,680,513,65,323,27,789,894,606,371,560,144,758,196,71,897,13,242
AAGGTCTTGA;474,173,346
TATCCTGTAT;127,134,19
ATGACCCACA;601,618,732,379
GTTGTATCGT;876,273,202,92
GGGCGAAAAT;254,751,374,793
ATGCCGGATG;69,258,856,542,762,694,728,548,107,510,740,75,35,797,385,526,741,147,23,411,130,180,188,574,597,231,702,467
ACTTGGCTCC;360,761,400,893,94,807,828,158,485
GGTACGTGTG;536,268,57,127,376,819,627,213,98,430,392,488,579
CGATAAACAC;438,671,644,553,885,873,172,332,3,593,48
TCGGTAGGCC;742,668,25,525,403,261,781,767,129,241,423,767,418,768,198,148,389,774,602,265,169,123,569,575,512,318,649,838,278,701,457
TCTACTGCAT;185
AATAGAACCA;452,709
TCATCGACCA;187,277,700,801,717
TGATGTATGA;646,157,195,665,145,878,292,74,275,516,250,645,62,694
TTACTTTAAC;521,342,609,42,472,94,791,883,654,398
CCCCAGAGGC;140,257
AGGGGTCCTC;759,657,467,150,597,678,410,858,624,48,752,67,230,269,384,113,862,586,878,413,797,318,858,670,824,245,625,194,740,730,551,842,92,860,18,887,562,809,803,602,372,197,838
TCTGGGCTAT;138,763,805
TGTACCTCAC;323,151,729,302,672,805,793,573,173,228,702,795,278
TTCTGGTGCT;181,339,680
TTCAATCCAT;211,162,791,386,884,596,814,481,515,571,719,767
TCACACGCCC;196,380,376,605,236
TGTGACCTTA;237,682
AGAGAGTTTA;752
CGTGCCCCAC;716,768,317,203,618
AGTCTACACA;730
GCGATTTTGC;626,375,836
TTCCAGCTGA;117,167,625,303,830,288,68,721,82
AAGCGTCGTA;607,782,190,246,247,517,221,559,819,400,396
ATTGTACTCT;184,823
CAATCGTGGT;593,419,703,502,735,891,858,439,391,790,396,705,850
TTTCGTGCGG;623,614,148,856,169,182,597
ATGCTGATTC;78,93,469,144,854
AAAAAATCCA;619,746,132,252,261
TTTATTCTAT;380,494,787,877,830,604,691,544,277,676,754,752,82,254,720,550
TTGGTTGCCC;246,596
CTTAGCGTGT;781,763,16,106,723,773,672,808,800,152,332,155,377,654,333,394
ACCTGACGGA;356
ATGTGTACCA;501,505,488,212,576,82,569,328,783,414,649
TGACCCCGTA;709
CTAGCCAACT;723,163,573,893,754,240,9,369,616,384,865,373,538,726,433,579,659,56,762,865,202,609,813,395,614,325,102,641,65,707,795
TGACGTGATC;808,803,332,419,886
CGTCATCAAT;739,119,625,411,258,599,40,766,24
GTGCCCCCGG;209,229,357,525,28,897,22,386,619,339,370,124,767
ACTCACAAAG;730,602,308,793,661,158,374,883,41,767,11,670,833,284,440,839
CTTAAATTAA;559,353,508,456,310,104,883,154,294,582,693,519,440,801,140,27
GAATAGAGTT;454,700
AATTCCAGGC;829,390,549
AATTGGTCCT;365,652,241,762,153,193,295,867,128,304,585,395,783,46,309,11
CTAAAGTCCT;340,481,610
TGCTACTATG;326,399,58,41
AAGCATGGTT;666,274,754,685,458,553,763,492
GGGATTTGCA;744,614,410
TTTGGCATCC;57,30,714,646,174,564,292,595,857,859,420
TAGTTACCAA;526,363,613,205,780
CGACTTGCAT;514,319,435,617
TGAGTTGGCC;697,121,52,559,94
CGGCTGATAA;458,361,683,785,869,528,39
TACGAACCGA;529
TTCCCGGATA;870,629
ATGTCCACCT;786
GCATGCGGCA;200,633,400,619,468
TTCGACGCTT;228,40,344,268,359,352,554,785,159,496,499,636
CATACTCTCC;681,247,16
TAATTCCAAT;505
AAATTCTTCA;646,177,351,19,498,47,873,509,87,161,867,791,642,156,180,790,162,13,812
ACTTAACACC;102,136,571,144,120,139,815,377,428
ATCGGCTGTC;346,835
GCTATTGAAA;16,768,463,105,143,258,787,732,218,493,131,144,365,372,811,405,298,164,179,193
GAAGAGGCGG;302,122,681,569,466,185,820,416,413,555,374,575,431,688,405,82
ATTGGGTCAA;162,465,187,71,101,458,852,424,277,743,288,757
AAAATAGATT;544,61,727,286,303,548,201,779,602,796,633,135,349,364,457
TGAACAGACG;425,852,281,498,631
GCATTCGTCA;425,299,58,836,43,424,774,725,596,36
GATGATACGT;847,40
GCAGTGGCGA;395,679,547,436,202,484,708,376
CCGTCCCGGT;641,80,299,68,571
TGACGTGACA;38,848,684,144,144,126
TAACCAATGC;276,541,169,603,122,637,355
ACATTCCAAA;376,694,439,293,216,896,238,772,704,298,297,427
AATTAGCCCC;338,105,400,296
AGCGCGGTAA;619,343,383,661,70,835,548,883,234,105
ACATCAATTC;585,847,228,167,826,831,628,604,450,105,694,681,899,368,12,202
TCATTCGGGT;338,78,526,444,368,278,316,629,55
GTTACACCTG;786,440
CGTAAAATAG;876,92
TGACTCCCCC;779,348,85,230,492,85,768,268,153,60,110,297,192
AGCAGGCAGC;776,163,843,449,576,6,626,510,338,3,47,705,141
GCTGAAATTG;347,738,255,873,435,212,648,890,888,505,222,771,819,130,18,487,289,301,534,275,322,865,576,832,74,617,561,538,115,705,879,819,268,365,43,257,260,690,871,422,616,773,867,797,209,825
GACGCTGCTC;241,341,455,7,23,102,578,307,698,453,353,422,850,789,666
GTAACGAGAG;264,531,677,28,787,861,526,571,64,528,822
ATGACCTCGA;323,761,656,543,674,251,796,298,287,818,189,40,707
TCTTAGTTCT;219,764,441,517,256,493,577,641,507
GTATCCATCA;591,440
CCATTTCTGT;246,849
GAAGACTCGT;165,453,517,57,13,5,631,384
GTGCACGGAC;762,244
ATAGGGGGTG;370,401,832,874,148,425,839,425,291
ATCAGATTCG;710,506,704,222,673,734,817,450,137,490,652,510,597,541,779,371,723,431,185
CGCTATATCC;362,686,404,3
AGTCGTTATT;874,11,235,883
CGACCAAGCC;31,630,669,292,635,16,408,674,364,595,820,871,260,809,303,554,667,335,16,425
CCGTTGCTTT;478,407,552,211,327,436
ACAAGCTGGA;29,172,82
TCTAGCGAGG;205,261,379,173,894,528,659,735,225
ACTGTGGACG;24,286,173,180,14,198,300,263,366,324,731,835,609,677,308
GGACGTTTTT;520,313
CTGGAGGTCC;798,576,460,808,88,883
TCCCCTGATG;806,250,749,16,86,855,758,303,838,628,139,266,416,818
CAGGGCGGGG;581
GGATCTTTTC;15
CTGTTACAAA;828,114,9,346,38,23,267,99,400,313,715,578,89,420,461,417,163,810,521,650,231
GCATCCCCGG;875,245,814,310,156
CGACCAACGC;30
GCTAGTGGGC;746
GTCACCGATC;481
GTTCATGTAT;854,57,81,214,598,55,116
GCGGGACTGG;535
TCGGGTGAAA;21
TGAGTTCAGC;102,236
AACTCCGAGA;729,168,626,375,852,390,575,680,757,390,812
AGGAATATAA;223,214,357,655,799,529,456,254,484,69,561,453,401,460
TGAAAAGGTT;50,78,669,280,813,753,28,402,269,693,143,657,790,223,658,62,143
TTACGAGGGG;577
GTATTTTGCA;525,379,738,231,769
TAGCCGCGGA;17,655,335,598,448,828,570,208,631,667,782,611,895,796,459,440,845,213,549
CTGGCCCCTA;538,839,645,631,392,541,643,340,362,274,193,459,217,42,50,721,436,350
GAGGCGTACT;736,789,85,478,748,826,65,338,167,572,896,549,791,221,32,898,173,507,86,32,572,126,237,830,169,795,275,303,771,853,279,217,271,471,300,192,442,94,663,609,524,852,649,675
TAGACGCCCG;45,370,589,547,283,181,131
GTCGGCTCTT;491,504,658,17,274,200,681,571,573,593,82,561,604,154,659,688
GCTGAGTTAG;695,487
CCTAAAGCAC;266
CTTTTCGCTG;786,549,800,134,393,692,597,526,640,10,234
TTCATCAGTT;240,343,273,730,166,146
TGGTGTATCA;434,26,778,625
TTCAATAACG;210,195,878,23,876,338,480,733,213,558,714,42
CGCTCACTCA;75,612,541,782,735,242,468,740,200,324,285,791,534,787,492,393,481,148,424,352,204,337,824,115,639,76,515,547,702,793,351,504,211,176,290,81,477,731,730,230,89,473,316,496,775,806,259,843,182,539,98
CGCCACGGAA;591,197,445,316,689,694,588,47,111,51,741,82,861,375,315,534,669,371,896,512
GGTCCAGCTC;68,708,43,797,374,343
GGTAGTAAGT;885,874,302
AATACCACGA;31,575,154,768,485,109,634
TCCGCCGAAC;895,213,719,112,546,595,633,70,479,649,205
CCCACTACCA;145,91,226,727
GGGTCAATTA;422,28,729,438,282,348,571,53,611,670,134,115,775,809,261,834,274,290,810,342,544,74,500,144,21,663,436
GATAGCGCTC;247,551,375,439
TTGATAATTC;806,516,569
GCAATATTAT;667,680,269
ATCTGGTGGG;651,361,811,404,208,312,751,677,85,3,257,524,337,456,786,259,392,807,438,38,436,643,95
TGTTAGTACT;512,56,668,444,255,442,741,563,522,718
CCTGTCTCAT;873,458,770,802,302,696,606,300,699,430,112,620,200,164,565,739,692,304,414,238,38,783
GACCTTTCAT;447,543,475
CGGCAGTGGT;61,300,558,608,475,645,210,571,352,606,419,490
CATCGCAGGC;57,409,296,301,728
GTCTTGGACG;507,370
AATGTGCACT;353
GATCTATCTG;168
TGATTAACTC;256,487,515,525,861
TGGCGGCAAA;279
ACTATCTATG;706,40,156,823,298,84,23,800,596,289,747,247,20,565,438,521,767
CGCCTGTTTA;522,676
GGCTGGCTGG;669,693,169
TTCAGAGGTA;68,515,429,60,10,507,779,502,49,472,114,295,382,523,31,209,398,400,104,260,293,171,481,190,657,596,833,246,641,854,351,794,59,98,837,12,489,71,181,581,619,581,61,568,891,224,36,800,597,888,674,408,83,64,144
TAATTTGCAT;817,570,129,379,475,408,541,712,419,628,528,269,754
TCGGTGCCGC;490,598,310,333,467,694,559,587,632,73,216,760,870,406,390,261,323,428,21,681,204,382,850
ACAATCGTTA;809
CACAAACCCT;37,271,759,170,515,887,73,65,428,97,174,309
GGTTTATAGA;681,738,161,111,720,723,172
GAGTGCTCGC;685,147,449,626,494,814,56,393
CATCTTGCCT;798,168,572,420
CTAAGGATTC;879,447,388,466,42,651,478
GTGTGTGAGC;137,619,18,800,263,424,623,279,14,152,490,27,648,814,557,817,600,438,747,202,10,453,833,181
TGTATAGCCG;416,81,776,252,798,436,330,401,835,159,112,18,578
GCAGATTTGG;652,145,243,789,385,865,724,520,456,561,648
CCTATTGTCG;57,729,664,313,372,150,641,772,634,449,551,132,140,857
AGTGGACTTC;399
ACTGGTTACT;844
AGTGACGAAA;38,624,347,374,504,551,673,298,824,655,419,107,603,92,723,573,18,79,11,385,159,161
GCCACGGTCA;707,748,807,255,761,519,697,367,870,602
ACCTGCTGTA;635,738
AAATCCCTCA;861,158,680,835
TTGACGTCTA;59,180,875
TATGGCCGGA;555,756,337,222,621,176,349,21,438,723,450,861,227,155
GATCCAACCA;237,296,740,891,511,652,786,94
CAAATAGAGT;655,720,672
TCCTCGTGTA;836,257,508,329,363,671,499,257,45,199,869,48,539,588,428,42,324,577,689,661,412,673,317,611,132,765,50,754,331,1,91,840,533,896,521
CTCGCCATCC;223,553,690,792,381,465,152,387,665,102,735
ACTCGCACAC;183,633,858,606,67
ATGCGCAGTT;391
AGTTATCTCG;175,869,679,417,580
TTCAGGTATG;852,853,497,691,875,13,89,188,342,845,589,323,304,211,518,554,729,108,360
GCTCACGCCT;285
TGGATAAGAA;165,497,554
GTGTGCCCGA;821,424,636,836,552,193
CTATCACTGG;579,422,208,536,133,832,241,147,550,65,155,212,428,110,712
GTAGAGACGA;3,631,290,301,858,236
GGGGGTAACA;659,745,783,187,360,766,521,331,198,456,429,601,739,747,679,211,876,227,283,437
GTAGCATCCT;897,702,183,372,829,767,390,306,595,562,184
CTGTCCTACT;163,746,633,881,174,887,606,699,846,832,258,594,659,788,687,871,40,598,198
TGTCTTTTCC;164,823,836,579,82,627,776,586,716,44,568,768,13,403,327,739,779
TCAGTCAAAG;366
TATCTGCTCG;95,458,135,720,266,620,244,235,132,812,226,829,381
TTACGGAGGA;125,212,629,96,723,243,367,820,844
CAAAAGACAA;669,785,14,860,143,232,662,100,115,452,261
CCGATGTGTT;234,209,853,117,731,730,749,628,317,763,323,112
GCATATCTCA;899,633,266,157,223,867,884,54
CAATTAACAC;517,130,352,389,402,344,526,309,394,476,216,178,231,275,299,312,312,110,777,461,624,43
GGTAGCATAT;618,203,200,343,394,585,489,640,347,201,306,473,690,764
TATGCCACAT;866
TACGGTATTC;100,587,52,445,221,50,140,137,103,426,542,634,101,722
CAGGACGAGC;731,419,226
GGTCCATAGA;173,250,320,710,246,224,724,736,407,738
TTGGAAAGCG;496,487,148,413
GACATATCAT;580,883,416
TTGCTCTTTT;701,829,409,303,540,62,403,766,404,134,679,714,637,452,283,69,100,681
GTGGATTGTT;869,370
CCAAATACCT;324,612,28,530,501,685,893,356,62,393,359,712,472
GTCACGAAGG;434,849,328,176
CCGCAATAGT;206,254,177
GAGGTCTAAA;588,583,541,715,570,776,406,21,221,447,442,119,273,233,117,746,483
GCGTCATTTC;316,449,78
GCCCTCCTGG;301,104,165,622,345,604,326,452
GGTAGCGCCT;710,125,845,363,13
ACGCGCGAGC;587,426,55,300,821,646,377,639
GCTCGACACA;796
TTCGTCGCGC;643
AAAAATCCAG;627,276,272,229,250,98,341,96,709,782,482,102,860,481,891,282,186,308,358,629,416,787,731,391,138,436,681,385,670,250
TTGTCTTTCC;119,448
CAACGCGAGT;499,203,723,67,293,374,709,314,122,896,806,153,794
TTCAGAGATA;684,86,551,805
GGACCATAAA;221,737,195,503,501,655,664,172
AGGGCCTCGG;345,534,579,339,20,873,792,724,810,57,831,899,297
AATACCACTA;753,130,308,68,618,890,715,203,895,519,159,548
CTGAAATGAT;196,518,155,353,652
TGTTAGGTTT;735,381,159,868,387,376
ATTCCCAGGA;152,693,224,135,532
AGGACTTTCC;896,361,126,659,677,767,549,383
CAAAGCCTCG;290,288,102,76,54
GATAATGGAC;621,658,164,720,89,887,542,678,114,45,399,310,492,668,773
CGCGGCCCAA;113,817,635,382,369,803
TAGACCCTAT;747,831,795,786
ATGATAAGTC;830,831,710,184,730,745,627,447,80,709,707
ACCCTTCCGC;54,344,115
CCTTGATGAT;573,449
AGTGGTCCTT;677,147
AAAAACGTTG;700,48,183,881,436,804,668
TGTTCAAGGA;581,52,490,493,224,437,258
GTCCGCGTAG;422,171,332
TCCCGGTCCG;771,83,866,183,423,713
GGCCAATCAC;296,788,741,366,128,180,155,766,439,714,722,23,729,731,40,761,435
TTTGTCACAG;27,678,201,383,71,596,526,74,623,132,510,4
ATCGCGCGGA;837,507,480,371,856,211,29,650,518,378,704,740,378,572,189,789,590,1,842,140,488,223,217,281,39,605,885,70,407,811,611,554
TTAGACAAAC;155,294,460,201,339,466,881,16,149,697,155,59,363
TCCTTCCCTG;298
GGATCCCCGG;549
AACCAGTCAT;0,686,136,155,212,46,62,265,872,735,146,783
CGCTAAGCTG;450,464,305
CCTCAGCCAA;879,65,179,769,643,428,18,670,317,621,220,655,415
AGTAGTTCAT;523,713,597,382,776,722,874,422,199,392,518,566,521,352,192,719
AGCTTGTGAG;461,389
CCTGTTGAAG;772,717
GAGCGGGGGC;482,690
AGGTGTTGCC;484,789,714,24,147,736,103,759,301
GTGGCTGACG;319,501,700
GGGTCTCACA;175,528,426,2,467,755,533,259,362,335,243,9,452,799,629,846,228,601,729,632,690,550,716,129,191,643,584,586,145,690,568,132,595,592,193,20,335
GGTCCTACGC;669,841,298,704,401,415,272,763,329,390,46,480,492,500,750,280,498,20,189,566,79
GCTTTGCTAG;258,457,130,266,43,697,537,666,793,193,382,129,552,321,777,80
CCCTGGGATG;774,148
TTACGGAAAC;683,68,585,215,335
AGGGTGTTGG;541,569
TTTGTACTTC;125,246,551
GCAGTCCGAG;597,350,324,294,775,392,840,754,51,685,244,406
ATAGACGGGA;818
TGGCGGCTGA;65,428,646,705,330,615,743,267,594,679,335,151,765,287,486,387
CCGGGTGTAT;454,444,567,381,659
CGTAGCTGAA;704,883,150,884
ATTTCAACGG;457,143,417,557,167,777,292,878,22,883,196
ACCCATGATA;450,311
GGGAGCCAAT;579,266
TCTTCGGCCT;520,426,677,366,670,606
GCGAACCCCT;494,460,861,424,185,480,78,605,620,120,34,700,407,752,841
AGGTTAAAGA;896,699,530,777,174,792,810,95,882,603,758,865,232,46,711,821,867
CAGGTGTGTT;843,819,730,50,487,229,548
GGAAATAAAA;762,382,172,705,263,115,55,114,746,527,309
CAGGGCCGCG;164,887,67,573,341,56,555,81,531,867,682
CCCTGTAGGT;287,698,596,365,763,597,887,24,171,627
GTGATGTCCT;316,460,90,116,242,57
ATACATACGA;267,653,172,243,888,330,844,702
GAGGTAACAG;75,633,548,227,820,383,778,154,13,476,536,269,322,405,608,457,813,598,190,3,570,586,695,506,735,188,828,237,742,106,423,749,336,234,39,842,534,812,412,661
CTTAATATTC;643,114,331,365
CTTGGTTTAA;386,315,142,624,316,530,795,425,6,673,826,379,836,470,871,49,502,433,754,627,275,780,361,442,228,728,46,578
CTTGGAACGT;890
CGTTGACAAA;261,736,470,136,781
TAGGGATGTT;739,134,831,753,718,785,861,531
AACGCGCCAG;524,550,634,568,582,218,97,787,764,109,517,495,401,503,285,672,97,585,429,382,814,823,116,849,167
ATTCGGGAAT;655,440,113,714,282,355,550,641,567,117,483
AAATAGCTCA;148,389,811,65,55,556,753
CGTCGTTTCC;482,551,359,354,414,458,832,30
ACCGTTACGT;646,180,241
GTGTCATCCC;583,466,391,719,125,374,439,584,185,470,505,886,516,363,784,450,747,544,858,73,711,840
CGTCCGGTCC;3,313,172,392,880,589,487,37,892,38,158,456,148,39,228,177,16,623,40,239
TGTTCCGTTC;493
GTGGACATTA;600,657,267,356,826
CACCTATATA;837,646,174,16,47,359,652
ATGGTGCAAG;508,570,379,532,775,557
TCTCAACAGC;769,632,114,379
TAACTATGTT;304,688,279,756,395,731,270,121,329,770,547,215,666,389,339,377,477,379,327,601,128,572,327
ATAAGCGGAC;355,245,445,826
TAGATGTCCA;145
TGGCACAGTA;844,791
CAAGGCTACC;497,461,332,580,473,682,744
ACGTACCGGG;265,208,630,167,389,260,771,431,639
ACCCGAGCAC;660,440,508
CAGGGGAACG;730,470,716
CAACTGAACC;899
CTCTACGTCG;545,662,230,363,860,12,576,679,877,474,215
CTATTGTGTG;128,794,305,482,485,515,511
CCGACGCCAA;173,795,249,230,808
GACCTGGGAA;742,632,35,322,527,394
CTGCGATGGG;339,798,707,555,207,40,737,865,713,777,372
TAAACACCGC;871,243,801,180,68,315,789,252,112
ACTAGTAGCC;851,699,21,351,56,554,136,679,510
AGACCTCAGA;715,595,71,387,250,496,654,39,556,329,5,478,718,548,452,761,184,68,214,264,81,509,49
CCCACTTATC;793,18
CGTTAATATT;678,537,196,320,337,213,431,761,350,891,511,864,834,755
ACGATGCTGT;624,561,731
GAGTTCCAGC;705,290,202,206,701,147,367,21,140,650,455,562,471,595,293,73,730,475,755,694,739,575,859,357,523,345,186,165,794,305
GCGGGCAGAC;241,143,889,304,740,668,491,104,763,717,743,805,177,38,650,606,144,303,311,495,372,757
ATTCATGTTG;468,375,723,53,393,52,182,99,1,608,633,267,576,307,870,622
TTGTCCTGAG;215,271,860,249,886,897
AAACTAATAT;645,328
TGTAGTAAGA;676,597
CAATGTTCCA;723,831,192,663,493,300,664
GGGCACAATA;444,743,287,201,59,427,550
ATATCTCTCT;461,153
AGATCTCTGA;676,581,327,351,681,220,574,263,815,735,85,85,384,180,153,245,837,519,92
CCACTAGCGA;430,297,749,802,204,550,229,367,49,556,399,89,57,892
GGAACCCCTG;96,391,763,723,102,871,853,261,691,122,124,387,573,110,767,92,568,99,157,290,304,277,220,130,30,764,146,643,237,470
TCGGCCGCGA;762,37,332,571,880,523,617,830,467,60,708,774,600,611,777,791,483,32,815,714,815,389,46,363,593,228,482,223,412,1,380,242,256,681,519,235,384
AGGGTCATGA;482,811,699,630
TGAGACTTGA;425,506,103,412,414,59,278,675
GCCTTATCGC;609
GAGCAGATAC;268,336,270,260
ATGGGAGCAT;792,162,2
GGCAACAAGT;559,686,151
TTTAATACTT;196,51,10,15,22,68,134,691,532
CGAGCAACTC;710,136,381,273,499,321,324,846,818,189,50,677,859,833,445,278,879,123,79,645,241
TGGGGAATTT;502,800,298,767,348
ACGGATGACG;888,878,480,494,490
CATTGCACAG;631,527,728
GCGGAGTCAG;707
CGTCTTGGCA;45,372,724,842
ACGCCTGGTA;703,866,738,669,242,652,269,279,182,625,883,56,291
TTCATGCAAA;729,564,601,40,602
AGGCGATCCC;289,871,641,125,58,379,446,246,486,367,136,857,710,58,677,285,6,329,887,226,501,636,412,32,410,191,446,642,273,607,494,512,687,658,801,797,129
TTAAAAGCAA;894,126,75,854,725,386,738
CTGAACTACA;536,731,358,569,297,510,788,407,593,103,328
TCTACCCACT;458,834,522,158,672,294,93,886,738,201,468,523
GGTTCTATCG;505,298,719,605,132,434,132,767,856,234,767,271,580,149,687
AATCCGGCTT;198,142,779
GTACACTCCC;157,414,787,257,0,819,289,714,2
CCCTGCCCTT;213,602,581,43,143,131,260,662,791,514,865,437,152,701,600,42,331,555,338,670,26,657,349,427,492,888,881,695,702,458
GGGCATACGC;16,482,748,126,847,179,798,166,721,859,539,272,731,143,758
CGGTTCGTTT;122,90,516,495
CTTTCTCACC;274
GCACGGGGTA;108
GCTCGGACTA;163,70,308,71,807,408
GAATATGAGC;707,164,750,652
GTCTGTTATA;274,547
TGGTGGCATC;413,697,293,288,864
TGGCGATCTT;282
AAAGTCCAAT;285,801,225,246,153,131
AGATGATACC;783,551
TTAGACGGTT;493,640,693,557,22,526,681
GATCTGATCT;332,362,631,524
GTATCATCCA;308,731
ACTTCCTGAG;101,41,28,845
TCCTTTTTCG;733,144,494,534
ATAATAAAAA;415,570,494,541,244,500,154
TTAAGGGAGG;674,341,250,229,398,844,733
TTCAACGTTC;625
AGACGGGTTC;349,365,823,708,417
GTCCTCAGTT;283,528
GTATAGCAGG;578,115,43,588,450
ATTTATGGTC;145
TTTCCCCTCG;761,8,867
GGCTCCGCAC;326,90,103,734,876
GCAAGCCTAA;855,570
GACCTGGGGC;519,285,659,204,509,780,231,155,243,688,677,526,162,445,629,461,629,321,752,594,510,680,78,131
CTGCAGCAAG;548,16,852,749,449,523,806,287,46,873,648,88,265
GCACCCTATT;219,479,136,251,738,402,214,431,865,538,846,753,177
AGCGCGAAGA;473,376,745,414,30,858,433,414,275,235,187,79,793,808
AGGAGACTAT;666,756,675
AAGTTGACAC;396,621,366,164,808,12,808,498,797,775,550
TAACCCCCTG;466,800,699,722,319,704,384,163,269,284,226,731,522
TACAACCAGT;9,44,707,866,429
GTTCTGGTTT;200,834,751,453,210,683,747,656,339,856,647,686,648,25,657,172,164,352,839,91,693,58,488,590,1,886,169,335,381,533,312,246,779,718,179,507,650,601,10,286,780,265
GTATCTGGTT;503,256,532,560,636,732,449,331,147,114,713,28,6,844,227,659,576,233
TCGTTGATGT;852,149,681,89,77,332,306,209
GACGTAGGTT;597
TCTGCAAACG;186,757,42,460,302,260,114,131,812,507,392,375,335,583,120,629,193,88,489
TCGTAAAGCT;609,309,646,197,828,108,249
TCGTTGGCTA;653,92,609,779,815,627,818,89,601,402,281,48,428,109,824,724,148,772,490,51,618,647,109,392,187,528,376,75,70,855,688,350,222,178,137,550,586,37,338,147,675,692,178,815,254,871,12,671,606,819
GTATCAAATC;641
GTTTTACTCC;529,796,48,603,306,838,415,270,261,456,560,685,667,386,572,243,611
ACAGAAAGCC;105,851,276,808,13,631,800,708,73,870,320,234,287,896,412,279,691
TGATACTGCA;734,798,431,735,768,189,109,172,336,101,56,122,570,191,373,76,430,250,815,169,504,297,63,185
TCGGTCGGTA;467,636,659,257,496,673
ATATAGGAGC;579,343,563
TCTCGAAATT;674,593,423,143,44,268,840
GTTTAAGATC;881
AATTAGGTAC;620,847,798,330,826,786,326,834,571,824,242,742,745,284
CAACCATCAG;222,105,855,230,303,126,165,69,486,721,253,381,862,166,841,468,138
CCTAGGCTGC;100,176,580,333,502,482,539,169,422,18,572,588,825,630,151,119,265,539,602,25
ATGTTGATCC;47,170,68,226,267,315,718,554,334,727,209,552,685,408,574,151,687,802,200,125,535,122,606,91,622,324,100,743,254,444,330,215,584,113,249,714,90,288,301,500,41,563,63
GTCTGTATAT;268,150,479,226,17,742
ATTACTCTCG;181,238,736,288,492
ATGCGTTTGG;621,750,630,59,843
CCTAGAACAT;677,59,83,518,833,576,251,467,662,363,640,635,711,778,545
TGCCCTATCT;95,681,72,628,73,827,631,452,519,757,548,836,266,727,794,100,467,746,387,488,484,503,26
AACCCGATGC;289,500,380
GAGACCACCC;821
ATTGCTCGCA;356,80
TCGCAGTTAG;849,804,643,512,398,646,16,739,590,469,96,12,637,831,542,329,674
ACCGATAGTG;252,207,811,228,760,499,47,561,490,822
CCTATAAGCG;220,732,611,389,149,327
CTATGCATTT;408,441,428,97,455,224,844,742,45,708,828,219,575,113,893,727,860,412,340
GCGCGACTCA;683,527,316,760,101,669,53,793,702,163
GCGGGAAGGA;555,302,786,610,26,371,201,656,468,341,803,73,18,157
GGCGGCATGT;433,832,2,402,15,540,687,813,382,858,803,272,81,153,808,293,276,577
GGCTAACTAA;199,545,794,857,174
GGGGACACGT;734,309,84,170,51,241,676,666,523,56,633,55,197,476,846,394,468,371,400
TCTGTTTTGT;620,306,228,24,738,868,737,870,353
AGGTAATACC;97,780,419,183,659,578,809,576,622,542,394,34
CTGTTTTGCT;222,429,772
AGGTAGCACG;246,871,621,613,547,582,79,560,189,245,369,489,74,810,724,843
CGGAGGGAGT;462
CACAACCCTA;460,680
CACTCCTTTC;591,567,408,352,213,185,869,473,579,879,877,621,546,683,393,814,121,532,680
GAAGCGTGGA;222,137,785,511,164,620,221,404,494,334,126,210,246,6,441,25,714,156,372
TCCATGTCGC;275
AGACCGCTGT;145,510,529,535,758
GTCGACGGCT;835
GATAGCGCTT;284,277,18,321,315,365,709,896,790,266,269,512,572,359,851,701,6
ACAGGGCGGG;136,824,147,226,117,236,346,451,214,299,258,36,43
CGCACCCACA;469,472,774,277,694,855,713,557,129,191,734,673,24,608,831,665,559
GTATTCTTGT;884,781,113,885
GGCCGCCAGG;222,234,831,350,196,92,742
GTCCAACTCG;626
CCACAGGTGA;529,0,711,601,296,501,375,633,636,623,112,36,214,402,475,387,871,676
ATTAAGAATG;890
GGCATATACA;117,102,505,2,741,151
GCCGAGCGAG;135,66,46,19,700,654,500
CCTTGAACGT;394,96,478,137,518,653,485,332,746,587,254
TATTGTAACA;602,325,620,272,788,436,854,558
GAGCGAAGTT;107,765,50,501,428,594,105,688,219,674,402,36,676,132
GCAACGATAC;789,593
TACGAGAAAC;88,899,587,226,520,606,7,677,528,18,265,471,33
GTAAACAACC;695
ATGTTGGCAC;218,662,245,786,220,529,30,632,312
GGTCGGTTCT;678,751
TCCAAGTCAA;258
TCCTGCCACT;500,3,112,347,215,173,295,669,5,299,378
CAGGCAGACT;394
TCCTGTCTCT;270,132,659,50,351,306,830,128,729,812,535,889,746,740,669,856,265,611,310
TGGACTCGCA;445,208,446,890,549,129,193
TATTTGGGGT;767,151,644
GCAGGTAAAA;271,696,277,247
GAGAGACCAT;48,452,738,294,787,233,264
GGACTCTGTC;612,621,614,300,852,719
ACTTCGGTCT;403,760,418
ATGCCAATAC;13,767,183
GATAAGGCGA;145,457,886,266,5,524,774,480,325,329,676,188,487,21,281,156,398,259,725,547,589,223,583,23,432,284,461,440
GACCAGCCGA;71,25,207,309
TACGGGTAGG;179,32,5,167,309,864,445,629,158,523,586,459,182,270,44,302,723,402
CCAGATCCTT;14,592,20,712,660,47,320,601,604
CTGCGGATCA;378,278,308,15,527,680,140,586,319,405,101,753,816,762,97,159,211,587,757,756,778,445,498,342,772,808
GGAACCTGTT;711,220,392,241,638,818
TGATGAATCT;760,317,369,785,623,54,820,721,223,870,619,368,758,89,674,280,467
CAACGAGCGT;715,11,796,458,188,544,890,195,874
GGACTTAGCC;859,447,741,450,29,37,865,774,642,39,184,577,218,205,135,242,550,26,770,240,477,428,697,727,724,862,296,397,856,65,625,89,215,50,321
TTAATCGAGA;537,693,328,778,806,740,11,350,115,424,490,352,117,403,711,663
TCGTTAGGTG;856,217,595,520,797,39,804,579,447,780,548,880,36,562,384,708,613,504,20,270
TGCTATCTCA;231,850,268,360,523,806
TGTTTAAATC;379,410,213,510,122,774,625,606,650,98,550,153
TGATCCTGCG;208,85,53,793,241,35,348,763,701,364,175,820,525,601,627,53,49,269,641,700,781,410,310,291,892,487,450,226,297,877,452,248,149,488,3,1,899,470
ATAGTACATC;39,30
CTTCCAGTCC;868,392,45,150,109,441,862
TCCGTACGGT;103
TGCCGAACTC;863,295,108,145,41,37
CCTCGACTGT;897
ACTGGCTTCG;454,7,635,769,675,298,367,177,485,222,551,416,452
CCAGTACCTA;369,525,238,568,786,83,113,753,428,803,515
CCGGCGCGGT;601,26,133,425,796
AGGCCCACAT;300,342,256,735
GAGAGGTTGA;372,331,147,209,343,476,615,305,592,291,890,540,614,95,158,839,853,314,389,762,107,656
GAAGGTCGGG;183,395,591,813,810
GAGACCGGTT;118,652,626,316,296,791
GTCCTGCCGG;148,250,187,691,12,330,326,184,849,621,281
AAATTAACCT;375,383,848
AGGGGGCACC;349,383,230,172,327,446,784,754,882,583,815
TTTTCCGAAC;625,214
AGTTGTAATA;392,235
CAGGAAAGAC;208,327
CCTGCAGTCT;431,614,627,874,810,535,676
GATATCGCGT;784,326,478,429,87,589,387,10,655,116,487,617,581,626,871,856,700,882
AACTCGCAGC;713,787,520,653,362,236,223,116,455,840
TCTTAAACTC;806,662
TCTAGTTGTT;334,397,100
CTTAAAAATG;15,319
ATCTCGCAGG;504,261,152,556,130,858,36,724
CACTTAACTC;741,583,460,741,291,578
GCTAAAATAA;484,627,378,811,174,399,321,53,735
CATACATCAC;800,663,705,485,578
AGCTATCCGA;349,34,748,196,373,606,123,844,535,520,180,44
ATAATAGTGC;613,853,22,325,776,310,607,76,464,285,851,494,284,761,220,176,268,270
GTGGTGGCAT;565,711,278,830,26,364,30,815,809,845,737,262,691,554
CTATATCACT;364,463,866,470,446,588
TACAGGGTCG;389,255,223,303,74,206,399,884,99,82,264,304,70,413,176,28,61,723,138,116,183,35
CTTTGCCTTC;485,667,736,183,599,589,677,693,491,588,473,22,549,242,727,107,429,832,860,359,376,793,127
AGCATTTATG;526,515,555,242,232,867,209,635,408,411,504,343,543
GTTCGGCTAA;467
ACCATAACAT;445,20,232,384
CCTCAGGTCC;331,28,260,749,337,107,231,264,619,263,635
TCTTGCTCGG;822,236,795,431,623,39,870,179
TGAAGCATAA;801,528,571,348,701,698,397,29,858
CAAACTCGTA;311,14,729,737,705,808,411,143,11,181,827,53
TCGGATCATG;9,528,512,811
CCCAGCCGCC;543,614
TTATTTCGAG;793,345,805,45,515
ATACCCACCG;661,227,265,636,814,717,191,883,654,410,271,331,296,424,803,95,857,890,354,283,143,289,6,862,552,483,143
GCAAATAGTG;462,541,801,34,746,812,480,704,605
TTGGAACTAA;441,553,101,451,239,605,342,620,26,345,366,15,737,584,810,17,783,822,625,183,132,413,716,363,76,820,623,753,435,561,234,881,199,257,816,42,140
CATGTGGTGA;74,863,377,419,384
GGTGCGTTTC;406,879,160,348,26,454,277,893,723
AACGTTGCTG;178
TGCAGGCTAG;623,353,375
CAAACCTATA;403,762,730,429,285,383,594,63,524,559,91,326,821,184,319,51
TCCATATACC;292,323,294,560,604,199,120,694,265,222,713,162
TGAGTCCGGT;342,422,244,368,829,138,413,559,721,170,519
ATATCGAAAA;205,689,86,536,225,802,64,19,34,417,195
AGGCTGATTG;484,725,359
TCGCAGATGG;659,840,391,325,169,698,487,311,793
AATTGTCCCA;553,13,664,241,640,700,130,148,822,473,171,405,335,62,669,124,694,111,420,394,29,852,428,631,393
TGCTTTATAT;325
TCCTTTTCCG;397,58,108,17,514,340,468,217,221,515,710,698
CCTCTTGTAG;32,877,861,814,141,421,315,797,544,617,529,587,145,63,831,837
AACTTCCTAA;389,0,837,326,735,175,558
GGGTCGTGAA;494,474,750
TGCCCCCGGT;363,266,680
TGCACTCGTC;758
AGTGTAGAGT;476,491,638,68,278,50,857,211,520,432,710,58,270,582,288,779
AAAGATCCTG;534,116,261,629,368
TCACTGTGTA;420,352,583,894,250,546,475,601,103,270,579,138,155,296,188,497,679,154,148
CGTTGAGTTT;730
ACGTTTTCGT;145,888,525,132,803,360,302,312,465,528,722,607,485,623,718,751,165,107,380,855,152,0,349,841,114,556,517,860,251,278,455,854
AGTACGCTGA;143,187,313,439,283
ACGACTGTCA;503,120,168
CACCCACCTC;246,823
TCGTCGCTTG;320,301,278,841,882,84,636,719,169,545,880,186,602,876,323,239,393,786,11
AGAACTAGTG;171,580,312,769,67,82
ATACAACCAC;626,490,600,612,742,373,425,188,6,283,693,160,640
AGCAGGGTAC;552,117,746,860
CCCATCACCG;841,752,5,107,86,699,789,879
AATGAGAGCG;837,563,589,77
AGGACCCACT;281
CTGCTGGAAT;85,475,519,445,880,222,666,320,137,122,182,539,69,415,467,29,683,490
GTGAATTCCG;749,328,613
ACGATTACGA;413
GTCACACGTT;820
GCAATACTCC;769
GGGACTCTTC;894,341,835
CTCATTCAAC;200,386,542
CAATGGCTGC;566,304,814,242,711,385,254
CGTGACATAG;492,332,441,243,266,175,801,214,419,788,688,892,539,802,372,598,695,793,266
TCCAGGACAG;411,693,752,696,438
TTTACAATTT;27,380
CTGGTAGTAT;809,281,251,412,148,535,306,381,103,231,427,416,56,269,885
GCGCGCCTGA;600,873,115,401,184
GCCATCTATT;845,9,512,182,200,179,869,12,405,273,226,489,205
CTACGAGACG;638
AATCCACCGA;768,829,253,411,200,821,148,636,475
TTCTGCCAAA;836,443
TTCGTTGTGC;716,334,371,296,860,670,611,661,30,529,583,324
CGTTATTGTC;131,572,159,579,168,754,146,237,28,277,557,518,798,358,819,768,506,215,844,306,380,560,636,844,827,535,421,826,389,382,16,755,423,445,334,644,536,878,555,574,642,135,667,704,828,398,32,730,299,472,842,154,538,529,154,560,84,316,373,715,855,787
CACCGATGGG;219,600,490,93,218
GAGCGTACGG;625,247,561,489,895,335,379
GTGAGACAAC;317,493,439,50,158,762,247,739,646,102
GCTCGTGGAG;517,623,492,647,216,243
TTATTACTCA;73,749,58,516,806,304,804,594,854,610,309,318,515,295,818,350,315,340,192,698,154,204,684,264,271,303,235,128,670
CGGAGTCGAT;383,261,319,50,508,428,637,345,298,423,336,12,172,375,360,776
ATGCAGAAGA;312,614,765,845
AAACCACTAT;247,791
TCGAATCATA;133,479,442,590
AGTCATAATG;43,490,238,584,496,394,235
ACTTTTCTGC;379,238,469,208,537,457,731,71,876,237,837,725,521,79,696,758,597,610,466,412,836,756,721
CGTTCGCGAA;857,839,682,394,486,734,130,836,877,200,196,730,845
TACCCTTTAG;226,735,92,498,554,155,100,147,727
CAACGAACAT;683,799,216,391,199,297
GCGAGATGTG;127,503,202
AGCTCGCATC;521,335,532
GCAGAGTTGC;47,858,305
GCGAAGACCC;384,621,255,720,155,187,819
CCCCGTTGAT;817,899,332,821
GGAAACTAGC;606,493,576,355,792,788,26,713,685,283,477,365,727,216,68,375,371,412,125,869,272,521,148,454,207,334,728,392
GGAAGACCAC;292,321,864,16
TTTCATTTAC;0,375,4,220,90,884,378,551,479,40,758,527,451
GGTACATGGA;204,315,625,289,570,535,878,866
CCATCGCCGT;284,677,861,232,108,195,81,878,648,127,561,286,416,734,492,234,160,297,497,109,710,302,805,608,651,22,754,744,674,188,808,66,808,545,853,639,17
GGAGAGATGA;559,121,138,802,726,382
CCCAAAATGC;868,573,241,97,483,580,241,478,347
AGTCTGCCTG;682,632,676,877,223,146
TATTAGGAGA;424,150,719,883,49,864,475,315,589,566,242,392,560,651,483,589,624,581,580,813,575,551,367,898,598,350,155,23,134,94,509,399,379
CAAATCCTCC;784
CCCAAGGCGA;311,871,368,764,700,285,228,485,168,185,460,97,463,758
CGTGTTGATC;253,8,73,287,792,40,529,523,186,76,388,662,196
ATCGAAGTAG;384
CCGCGATCGT;133,195,688
TTCGCCCTCC;96,783,344
ATTCAAGTAC;484
TAAGTTAGTA;399,382
AGGATATCGC;634,789,708,525,736,197
TCGCCATTGG;210,381,794,649,792,655,50,479,320,766,834
CACGTCGGTA;676,425,5,128,16,645
TGATTTGGGC;443,80,379,319
CTGTAGCAGG;333,498,103,82,468,591,841,490
GGGACTTGTC;527,512,594,34,733,307,870
TGTCTAACAT;307,851,876,840,796,530
GGCGACAAGA;204,398,794,497,211,656,818,293,632,198,347
TAATCCGCGC;448,533,192,237,210,618,788,541,286,762,406,87,801,119,382,859,843,283,13,834,822,258,43,535,614,504,639,199,425,371,412,104,854,265,34
GCGTTCGGCC;374,212
CCGCCTTGAA;496
TGGACAAGAG;57,126,876,543,343,247,117,715,42,810,744,705,38,378,585
CACGACGGCG;760,644,370,893
TGCGGTCTGA;762,753
CCTCACCACC;125,894,1
TTCGAGCGCG;870,150,580,445,185,893,628,686,561
CTTCGGCCAG;690,577,742,574,589,775,149,761,741,292
TTTATCTCCT;365,36
TGGTGAATCT;3,138,667,298,846,69,558,214,878,398,340,789,899,613
CCGACGCCAC;172,621,332,224,22,825,261,559,262,853,184,435,612,129,255,497,578,886
ATCAGATCTG;479,754,811,474,141,640,392,864,201,161,868,52,709,820,753,632,655,89,118,12,445,822,840,163,533,683,711,252,647,760,451
TAATAACTTG;194
GGTCTAGTAG;796,360,489,633,815,344,789,508,513,730,213,446
GCCTCTAAAT;201,352,133,551,272,56,100,232,767,100,843,379,407
GGTAACTATG;137,483,641,386,741,801,357
CAGTTCAAGC;553,519,742,399,338,33,463,718,184,178,40,455,445
GGCTCCAACG;282,180,845,389,391,770,149,600,548,690,891,664,657,786,455,484
AAGGGGTGGG;635,412,330,369,126,699,706,611,137,55,798,647,370,269,41,819,334
CGAACCAAAA;230,791,415,334,359,753,606,257,351,68,896,846,199,699,748,26,726,830,710,52,169,798,856,113,448,180,796,689,684,623,841,437,741,424,407,75,347,416,271
GTAGGACACG;397
TAGCGAGTAA;256,334,851,278
TGCTCTGGAC;573,399,698,65,637,652,65,664,398,323,647,57,899,529,339,136,764,409,371,248,824,714,435,338,185,366,29,502,104,291,289,212
CACGGCCCAA;98,274,551,694
CTGGATAAGG;637,779,184,621,814,181,453,739,119,36,363,789
AAACGTAATG;499,174,191,656,541,330,122,336,879,792,388,201,367,220,872,884,886,316,813,304,231,543
AGTGCATTGA;384,194,821,770,885,291,551,598,420,480,681,769,302
CCCTCGGTCA;141,785,93,613,391,835,598,542,632,751,242,30,412,591,488,433,374,896,196,403,483,511,819,296,811,660,8,625,876,237,545,302,753,107,100,669,203,751,104
CATAAACTTG;519
CTCAACCCCT;852,470,425,408,307,161,843,173,719,92,414,199,889,278,692,134,39,323,427,147,400,558,96,354,866,45,509,497,129,59,150,110,52,745,730,717,381,307,368,543,542
TTATAGGAAC;806,194
GGAATCTCGT;469,695
CTGGCATCAC;511,385,333,605,316
TGTCGCTCTA;456,889,773,822,586,840,408,509,839,617,822
AACGATCTAA;779,259,436,564,775
AATCCTTCAC;623,812,588,216,312,194,399,298,733
TGAGGTCTTC;694
CCGTTGATGA;394,229
AGCGGGAATA;714,610,586,157,408,733,888,687
GCACGTAAGT;109,818,278,437
GTAATAGTCC;398,65,260,550,500,66
TTCCGGTATA;49,0,207,453
AGATCTCTAT;792,684,682,133,415,37,392,490,144,584
TATGCTTTCT;845,436,270
CCAAACCGGC;355
GCCGCTATGA;117,254,271,588,552,544,187,643,415,216,637,148,327,366
AACGCCTATC;652,597,41
CGTCATCCTT;784,384
ATAATACGGT;407,752,146,3,440,212,91
TGTACGCCAT;741,85,483,597,361,687,353,379,786,178,424,53,186,33,427,220,208,770,363,0,175,432,890,508,638,668,443,114,353,281,730,519,623,622,131,656,233,61
TACGGATACG;717,198,783,384,520
GCCCAACGGC;858
CTCGTATGAA;591,776,821,436,153,604,805,852,410,466,740,833,409,125,561,70,575,175
CAAGGGTTCC;130,631
TCTCCAGCCA;522,451,253,28,795
TCCATTAGAT;299,111,764,680,36,315
TTCCTAACGG;30,840,879,538,386,115,295,80,573,841,29,885,245
GTCCACAATG;884,422,829,88
TAGATGCGTC;146,764,342,485,612
CGGCACACAT;849,673,13,618,878,420,147,858
GCGACTGGCC;500,458,368,154,747,160,100
CACTAGCGCC;541,531,141,688,553
CCTCTTATGT;24,40,300
CATGGTAATA;147,558,620,544
GGTTGGTCTA;506
CCCATCTCCC;426,245,24,229,282,828,56,18
AACGCTTTAC;677,135,704,317,267,679,382,871,478,871,129,727,178,24,170,121,231,401,406,478,63,169,781,2,229,264,162,725,495,762,254,204,148,471,701,5,751,80,712,282,454
GGAATTCGGG;765,856,814,254,616,739,396,51,236,321,696,800,770,235,640
AGTGGATTTA;631,308
CGCACCTGCA;342,479,525,445,617,829,422
CTGTATCGAC;507,809,42
CTGAACGCCA;376,98,370,612,882,293,699,465
CTGTATAGTC;246,355,524,870,610,162,820
GGATGTTAGC;794,77
TAATGTCAAG;303,578,560,516,111,897,587,14,400,141,332,170,277,27,119,654,10,4,392,164,584,388,688,815,302,696,291,623,842,622
GATGGATTTG;551
GTCGTGCCAG;218,645,881,813,811,534,801,129,505,306,315,467,20,478,386,564,646
AGCCGCATCA;825,81,725,324,114,753,332,334,57,376,183,875,197,12,66,588,563,751,794,623,827
ATGGTTGGCT;170
ATGAGTAAAA;660,678,315,144,506,779,462,402,157,690,25
CGCCTGCATA;579
TTTAGGTTTA;14,665
ATCGAGACCG;77,160,668,308,82,573,408,798,421
CTCACTACCG;142,56,74,536,820,838,97,526,485,489,166,609,727,381,490,86,405,164,133,588,426,228,81,398,342,624,41,18,397,622,695,170,750
CCATGGCACA;887,704
TCAAAAGGTC;15,773,130,515,478,535,557,544
CGCTGCGTCC;298,84,524,219,354,561
GGTCTACAAG;693,763,409,552,161,196,228,679,430,342,713,527,400,874,114,877,294,171,638,866,645,117
GGAGGTGCAA;508,378,566
GTGAGATGCT;777,720,396,149,607,18,175,665
ACCAACATGG;68,698,62,514
GGGACCGCTT;787,11,662,552,201,762,296,803,373,0
CAATCATTCG;552,740,815,219,499,8,837
AGGTGACAAT;254,581,527,431,883,48
CTCCGCTTCC;272,806,837,381,137,158,341,402,636
AACAATGCTC;302,823,470,786,358,697
AAGCTAGGCG;339,4,641
CCCTGTAAAG;865,832,573,657
CAGTTTTTGT;239,295,858,255,283,26,387,179,625,115,619
GGAATCCCTT;786,804,567,227
CTCGATGATC;108,834,775,176,287,149,608,135,656,25,508
ATCGTTATCA;882,707
AATCTAAATT;756,293,675,848,145
CGTTCAGAGG;660,794,127,76,790
ACAGAAGTAC;474,536,499,208,510,701,18,718
CCACGTGATG;870
AGGAATACAT;299,780,280,861,589,828,254,617,864,526,627,722,442,538,254,565,224,288,450,816,116,15,290,113,781,338,614,874,693
AATAGATACC;737,203,761,848,475,384,878
CTTCGGTGTT;206,68,665,365,11,313
AGCACTGAAG;356,543,852,84
CTAGGTATCA;466,44,18,688,149,52,2
AGCATCCTAT;288,853,498,332,519,509,440,12,473,257
GGTTCGTAGT;19,312,280
GCGCTCACAG;20
CTGGACATGG;804,367,281,652,394,664
ATACTTACCG;466,181,166,354
CGGACTATTT;198
AAACGGGCGG;877
CGTACAGCCC;148,334,126,720,645,347,387,259,393,516,194,370,577,810,840,714,408
TAATCCACCT;162,717,291,724,775,367
GATCCTATTA;184,12,820,35,887,255,342,518,76,428,807,180,771
GCCGTGTAGA;124,710,101
TTCTTGTAAA;508,569,503,499,308
GCCCCGTATC;566,601,864,13,852,803,297,151,537,287,24,360,561,624,470,328,54
GCGACGCGAA;278,480,288,153,77,135,567,199
CGTTAGCTTC;316,368,600,526,21
GCTGCCGTGG;786,412,340,594,497,824,701
GTACGGAAAC;620,704,888,746,742,186,236,363,131,867,164
GCATCGATAT;17,437,85,559,211
CTATGTTTAA;716,752,797,584,592,884,692,320
CGAATATCTG;615,778,139,135,697,707,570,476,190,120,420,453,412,894,226,124,105,43,880,826,852
AGCCGGAATA;420,751
TGCCGAATTA;811,542
GGGCCTGGTT;50,663,778,692,733,129,579,865,553,472,12,529,238
TATCGCCGAT;795,357,405,455,799,812,224,46
AGCACGGTGC;404,435,549,598,799,442,167,149,472,235
TGTCCTTTCG;592,99,606,427,331,259,14
CTTATCTGCA;662,772,273,30,154,371,371,637,460,68,31,813,727,415,208,11,434,851,545,133,884,172,217
TTCCACACGC;746,245,245,521,490,451,851,223,824,523,367,726
GCCATTTTAA;155,886,374,153,865
CGTCATGATT;867,571,290,750,749,401,340,610,552,323,146
GAGGATAACA;188,157,207,452,13,146,624,23,246,131,574,245
TCTTGTGGTC;77
TTTCGTTTAT;479,739,478,771,646,428,202,646,60,793,352,812,347,265,43,460,765,499,263,846,249,825,110
CTTCGACGGA;10,337,871,403,57,730,881,543,679,215,466,868,516,671,794,630,206,516
CCTGACTAGC;599
TTAAGTATAT;465,424,322,236,596,184,458,703,34,145,524,673,67,164,532,324,424,415,514,37,697,343,718,693,332,72,91,46
GTTGGTTGTA;235,68,716,524,777,395,35,771,348,599
AACATTGCAC;516,250,192,235,408,51,443,765,629,406
ACGGTCTTCT;546,149,301,761,490,458,416,790,898
GGGAATTTAA;596,394,835
ACCGTGCAGT;249,244,191,533,103,410,222,66,444
