AAGGTCTCTC;419
GAATCCATGT;239,497,297,65,299,99,138,17,261,163
CATTGTTTGG;9,369,16,366,142,193,498
ATTGGCCAAC;47,563
GAAAATTATC;172,39,128,0,270,473,135,152,158,11,351,8,191,307,83,471,427,32,67,289,350,53,56
TGCGCTTCAC;463
ACCGGCTCAT;10,430,185
TCATGAGTGA;120,431,370,365,125,595,533,44,446,96,412,155,55,349,63
CATACATGCG;118,293,448,593,267,265,281,60,333,565,562,211,350,492
GATGTTTCAT;110
TGGAACGCCT;214,271
TGATTACGGA;186
GAAGTCCCAT;424,86,490,520
ATGGCAACAC;265,518,583,279,381,371,583,541,450,356,101
TTCACCTCAT;181
CGAAATACGA;425,178,194,131,551,576,407,344,69,319
AATGGTCAGC;593,475
AATGAGTTGA;220,139,141,517,138,243,330,532,124,52,271
ACTAAGACTC;197,366
TCCGTCTCGA;187,38,577,355,273,159,136,10,247
ACCATAAAAC;519,405,3,577,474,456,95,94,34,332
CGCTCCCATA;381,332,6,240,154,412,39,84,327,127
TCTTCTCGAC;409,401,472,165,383,511,449,192,25,442,438,44,216
ATAAGAGTCG;294
GTCACGGGTA;133,141,60,102,448,180,484,599,574,537
CCCTGCTAGC;543,310,294,23,151
CCGAGCTATA;477,317,477,162,293
GACGTCATCT;75,507,181,103,60
AGACCTTCCT;67,36,222,38,381,79
GCGGGTGGGA;130,192
GATATACGCA;425,440,35,353,99
TCATATCTCC;121,242,126,134
CGTCCTCCCG;162,465,517,297,182,377,29,102
CGTGGACGGT;277,170,26,463,326,177,515,363,335,578,200
TCTATTGCAG;211,29,171,191,31,497
CGTGAACCCC;392,592
TGGGGAGGGT;58,195,558,79,150,389,474,543,192,84
CAATTATCCG;183
TCTCTAAATC;538,67
AATGCAAGTT;206,108,60,13,505
GTCCTCGCCA;461,117,428,106,166,1,445,373,109
TGGACGCACC;159
TCCCCTACTA;141,565,10
GAAGGATACG;59,122,209,96,285,189,404,580,216,129,403,364,576,405,222,368,572,184
CAGAGTCAGG;133,88,7,66,319,415,13,506,488,457,317,109,59,65,297,253,218,421,157,322
AGACGGCATG;81,145
CAACGGGGGA;209,469,549,232,360,515,60,497
GGCTTGCAAT;62,489,413,241,456
TAAAAAGTAC;138,588,552
TGATATAATA;141,325,157,114,568,291,480,289,203,167,320,416
TCACAGTTTC;221,418,165,161,271,8,376,228,158,129,386,39,282,523,439,100,426
ACTTAGATGC;421,583,539,588,386,543,445,593
ATCTGGGTAT;206,529,493,490,189
ATCAACCGCA;98,28
GTGCAGCCCG;225,58,173,562,535,405,566,44,138,363,499,88,470,257,585
TCGTTGTTCA;141,339,39,288,170,235,363,159,331,566,431,185
CTCCCGGTCC;0,382,215,77
TGATGGCTTC;438,496,324,387,401,100,5,147
ATCGTTAGGA;457,23,204
AGAGAGAGCT;522,480,68
AAACGGCAAC;321
TACGTCCGAG;302,43,262,239
GCAGAAACCT;446
CTAAAGAAGC;168,182,303,103,433,3
GTCTCCTTCA;181,29,344
TTGCCTTTAC;228,399,291,454,261,257,355
AGACGCCTGT;564,320,168,101,393,449,233,498,367
TGCCTAGGCC;485,535
GGTCGTGGGA;492,175,166,86,357,222,178,407,318,153,260,261
GAACACAGGC;314,254,172,405,132
CCACGTACAC;292,378,29,447,599,175,480,123,149
CCCAGTAGGA;544,25,466,264
CATGGCCGAA;515,374,594
AGAGTGCCAC;439,484,120,455,505,371,192,309,400,473,186,84,456,540,577,256,326,354,583,298,352,165,594,300,31,558,70,13,525,71,533,328,60,514,354,57,592,383,56,281,584,551,590,158
GTCGCGAACT;145,456,393,416,543,116,160,323,358,418,290,100,195,293,69,393,153,45,388,345,266,128,286,370,524,130,473,193,46,84,422,0,149
GTAGATAAAC;10,379,306,328,117,488,229,403,490,471
TAATTACATT;572
TCCGAAGGGT;217,375,315,126,324,375,582,464,338,106,93,248,90
CAGCTAGAGT;187
GCATCACAAT;299,256,91
ATTCAGGCTA;17,259,445
AGCGATATGA;121,155,42,130,295,542,507
CCACCTTGGA;380,30
CAGTGTTTTC;317,215
GGTATCATAA;253,461,331,509,204,231,498,597,350,591,130,73,413,56,331,89,131,334,524
TTGCAGTGGA;110,146,488,362,348,472,235,539
ATAATTTCCT;517,285
AATCCGTCAA;300,343,438,451,349
CTTCTGAGGC;99,201
AGCTCGTGAG;581,12,534,180,136,576,591,295,230,329,216,150,115,2,190,566
TATCGAGGTC;95,596,423,153,231
CTAGCACGGC;597,509,161
AAAATTCGGC;258,407,288,251,321,385
TCCAGCGTGA;470,100,394,284,159,152,405,407,429,591,243,30,236,144,275
ATAACTGCAT;74
ACCGGGGGCC;34,317,301
GGTCGAATCA;1,197
CGTAGTACAG;539,530
ATAGATGATG;260,179,248,244,509,365,223
CAGACAGTTT;290,427,235,402,1,150,286
CTAATAGTTT;366,193,165,270,140,550
GTGACCATTA;13,45,225
GACGCAGGGC;382,392,470,145,212,499,70
TGGGCATGTG;248
GGTCGAAACG;386,170,170,293,587,487
TAACTTCTCG;340,279,154
CGAAAGTAAA;424
TAGATGAAAG;463,0
CGGGCGTCTG;574,291
TTACTAATTT;399,84,419,563,173,587,361,98
GTGAAGGAGC;392
TCTACTGAGT;241
ACTTCGCGAA;45
AAAACCAACC;424,438,339
TGGCATTTAG;18,331
GACTTGGGCC;78,106
TTGCCCGTCG;296,338,506,347,113,237,69,213,353,397,493,361,187,279,264,242,285
GGTAATGACT;341
CGCATACAGG;191,277,185
CCAAAGTTGC;199,206
TACGCGAGGT;183,298,378,35
TAGCCATGCA;283
ATCTCACAGC;581,582,157,147,586
ACACGGGCAC;572,481,372
CTGCGAACCA;348
AAGCCAAGGC;501,196,540,456
AGAATTCGGC;468
ATATCGACAG;560,476,101,548,72,86,373,539,543,107,549
GCTCTGCGGC;323,567,334,558,148,540,290,385,385,284
TTGTTGTCAT;423,256
CTGGGACGGG;20,130,582
CCTTCTCACA;420,426,494,38,507,173
AGATTCTCCC;530,433,38,423
CGTGAATCGA;505,527
TTAGAAATAG;128,77,508,513,167,342,113
TCCAACGCTA;183,593,42,267
TGTGCATCAT;111,254
ACCTCGGCTT;376,374
GGTAACCCTA;377,218,546,18,307,274,512
AGAATGATGA;378,469,39,537,41,303,457,98
TTCCCACTCT;584,530,424,25
TGCCTCCAGT;186,229,132
AAATTTGCTC;492,577,59,260,292,530,115,507,478,488
TCCAATGCGT;173,261
GCTGGACACG;56,406,5,35,247,319
GCGTTTGGAG;240,201,13,274,553,513,40,556,44,339,147,98,169
AGTGTGGGGT;3,560,78,0,208,333
CGTGGAGGGA;353,520,561,29
CAGCGAAGAT;545,220,571
CGCCGCTTAA;231,113,24
ACGGACTTAC;178,457,485,196
GCATAGCTAT;441,450,480,318,129,76,16,587,588,159,566,223,387,396,390,84,275,115,288,419
TGAGCCGCCT;31,540,502
AGAGGATATA;167
ATGTAGCCTA;522,23,300,68,429,325,30
CTGGCGAACT;188,72,206,497,567,40,435,97,326,283,120
CACTCCTTAC;239,295,570,594,552,563,438,518,307
CCCTGACAAT;122,455
CTCCCTTCTC;448
AATCCCAGTT;305,277,589,271,528,250,45,403,591,241,8,379,597
TGCATGTTTT;240
CGAGTGCTGG;82
GTACGCCTGT;394,577
ATCTTTTCTG;234,219,381,501,386,160,70
GCAGCTTCCA;504,125,78,320,67,575
CAAGCACGCA;313,511,235,472,44,93,33,345,114,76,425,301,349,36,486,415,186,324,108,560,85,280,303
TGACCCAAGG;409,298,126,206,251
ACCGGTACGG;339,533,128,339
GGCCAGATGC;361,201,269,70
GGTATCTAGG;522,212,99,258,355,450,448,563
GCTGAGGGCG;160,338,106
GTTTGGAATG;57,253,248,542,7,26,141,434
CCACCCACAC;49,324,414,240,85,386,273
CGAATGCGGT;336,171
ATCCTTTTGT;565,328
ATTAACGACC;114,589
CCGTGGTCGG;250,24,457,552,407,583,509
GATTGAGCAG;563,83,203,536,160,459,433,274,141,362
GCGCCAGGGG;442,300,379,95,377,169,6
AATCGCGCTA;304,401,319,228,340,41,336,315,130,281,11,225,466
CCAGTGGAGG;472,232
AACCTTCGCA;422,448,173,224,340,188,145,11,163,563,24,417,101,199,384,365,393,514,567,450,57,283,358,464,217,426,592,557,13,91,287,70
CGCACGATGT;178,369,489,278,35,421,292,346,350,413,178,497
CAATGCAGGG;313,196,179,368,327,188,305,560
AATGGGATAA;411,136,130,363
GTTTTCTCCG;518,568,575,472
ATACACCCAC;50,233,79,191
AGGAGAGAGT;544,70,213,173,298,557,290,30,543,165,434,9
TGTCTATCTG;146,591,513,82,30,476,176,15
ACTACCATGC;224,532
GGCAGCTACT;263,359,502,150,324,509,510,63
ACCGACACAT;419,180
TTTTGGGGTT;564,3
CGGTAGCCTT;442,309,83,182,58,388,142,437,580,92,507,183,467,448
CGTATGCATG;412
ATCGGACTCC;209,25,212,524,518,252,67,386,433,419,555,541,519
TGGTTTTCAT;582,367,325,13,572,216,80,287,406,316,538,251,153,353,527
ATAGCCAATT;161
TGTTAATCAA;536,38
ACATCGAGGA;264
CTTTTCCTGA;425,401
ACGGTCATGC;544,115,575,297
TCCAGAGATC;280,176,377,523,169
CGTGTCAATC;171,530,206
AGCCTTACTA;542,414,144,129,408
TCACTTTCTC;254,290,461,368
AGGCGTAGGT;315,271,486,574,238,47,97,503,454,20,190,176,82,126,162,170,503,386,215,297,347,288,453,122,52,328,513,509,358
CATTCTAGCA;265,177,328,142,429,416,131,244,487,175
AGTCTCAATC;58,167,260,376,13,409,333
CCTTTCGATG;29,386,546
TTTAAACGTT;425,496,143,463,130
TACGTAGTGC;334,398,291,411
GAATTTACCC;55,247,577,227
CGGACGGCAC;397,541,575,109,545,498,387,525,57,72
GAGCTACAAT;445,300,564,99,295,359,64,30,599,568
ATGTAGAAGG;126,384,412
GTCAAGAGCA;349,255,316,553,588
TGGTTTCGGA;231,265,462,221,580
ACGAAGTCCG;239,469,585,134,226
GTGATTGTTT;44,171,179,440,105,91
CAGTATCCAA;574
GATAGGGACT;558,177,260,455
GGTCCGTATG;299,228
TCTTTGGCTT;343,529,341,152
CGAATAGATG;197,483,183,110,248,223,250,555
TTGCCGCGGT;424,278,70,318
CCCAGAACGG;371,215,207,558,193,540
GATGACGGCT;352
GTACGCTAGC;29,462
TAATAGAAAC;247,214,326,488,214,331,494
ATTACTCTGT;301,279,550,423,22,30,597,365,199,196,287,292
TGGAAAAAGA;599,37,456,183,267,232,189,273,551,232,312,258,478
GCTATTCGTC;185,27
AATGCGACCC;217
TGACCATTAT;34,6,20,331,93,539
CTTCATGAGT;460,534,341,126,91,582,428,348,265,582,280,136,474,467,547,433,302,267,537,390,520,93,496,169,87,451
CCGTTTCTAG;193,220,212
AGCAGGGGTG;329,500,39
ATAGCGATTA;352,52,456,291
CGGTTAGACG;345,196,439,177,449,221,407,34,575,555,501,492,560,369,548
GCGCTGCGGG;75,482
TATACGGCTC;220,411,429,598,573,433,220,343,278,347,49,574
GAATCCAAGG;230,428,457,596,133
GTCCAAGGTT;64,593,291,583,556,527,365,284
GCTCACGTGG;479,227,48,143,130,100,253,126,295,94,117,564
GTAATGTTTC;329,341,451
TGATCTGGAT;98,306,328,247
AGCGTCAATG;85,250,94,90,289,479,519,127,445
GCACCATCCG;588,188,217
CGATCGCTTC;57,287,295
CGCACCAGAC;371,271,466,536,145,37
GCATATCTCT;210,226,484,297,63,27,155,23,26,6,166,106
CGCCGTTAGC;185,355
TGCTATGACC;565
GCGGGACCGT;231,53,523,524,160,294,214,413,549,73
AAGGGTCATC;399,69,267,155
GCATTACCGG;369,597,120
AATATTGTCT;393,9,128,67,250,597,84,123,326,253,294,579,135,238,566,42,264,92,367,288,197,322,112,103,43
TCTCAGAACG;476,242
AAATTCAGCG;501,460
CGTTGCCGCA;115,105,236
CAACGGTTCA;433,217,513,81,126
CCGTGTACGC;125,66,140,414,562,329,239,474,29
AGGTGAATTT;65,448,7,389,377,393,476,134,474
TATTAACGTG;462
AGAAACTTGC;473,590,262,525,465,90,516,466,386,44,294,35,375,9,55,203,22
CCGGTCTGGT;121
TAACACACTA;463,387,489,450
CCTCTAGGTT;548,301,489,83,313,385,111,155,493,413,125,198,327,345
GGTTATTTGG;342,167,169,520,234,331,419,511,355
TTGTACACTT;90,472,12,346,340,408,5,55,174,552,93,226,11,193,178,499
TTCCCCGAAA;468,293,342
CAGTTGAACA;526
GTCACTGTTT;8,233,9,472,468,5,307,219,143,53,432,53
TTCAAACTAT;430,191,584,141,393,579
TAATATGGCG;377,567
ACCTCATATT;381
GTTCTCGTGG;297,12,442,563,263,341,270
GTGCGGAGCC;456,282,422,134,262,429,376,551,195,589,244,183,97,342,528,274,107,80,466,261,56,586
TGGACTGTGG;480,508,264,51,50,195,539,304,476,524,599,572,222,335
TAAACCCGCT;57,355,300,162
GGTTGATATC;103
GCCGCTAATA;195,31,350,589,167,49,475
CTGAGCAGGC;295,110,342,293
TGACATTTCC;350,297,382,410,24,9,517,416,274,243,174,404,391,218,203
CTTAAGGATT;450,585,72,242,263,455,571,17,555,408,553,443,174,204,350,383,28,303,587,547,245,259,324,455,340,527,470,553,28,338,494,2,200,599
GAGTAGGAAG;525,305,308,280,255,43,218,419,412,108,153
TAATGATCCT;440,311,262,53
CCCTTGGGAT;467,289,491
GGGTCCTTTC;62,363,356,535,511,154,483,85,345,550,355,272,584
AATATTTAGC;241,238,178,104,258,362,305
GGAGAAGAAG;59,220,552,180,467,421,443
GAGATTAGCG;115,473,447,373,574,140
ATCGAGGCGG;173,64,6,71,189
CGAGGTTCTT;490,520,583,96,136,531,330,516,594
CCGGCAGGGT;358,30,517,364
GTGTCCGCAG;374,381,122,47
GACTATAGCG;56,170
AATACTATAC;50,14,345,504,588,211,591,534
CACCCGTGAT;357,428
CAGACTACGC;575,460
CATCACGTGT;364,330,532,508,263,8,338,148
CACCGGCATC;53,255,180,507,380,344,394,22,134,570
TCATGCTCCG;142,549,514,353,388
AGTCGTACAG;12,288,196,563,125,158,241,525,162,115,342,47,62,270,17,4,308,244,131,587
GATGAGACTG;443,168,508,549,67,158,46,512,195,239,265
GCGCAATGTT;384,325,54,267,229,425,329,52,145
ACGGCCAGTA;255,572,267,11
GTATCTGTAC;40,208,369,225,313,496
CTGTTCTTGA;515,189,324,286,126,452,405,423,261,6,499,299,379
TGAAGTTAGC;38,461,275
AGTTTGAGTG;118,338
CAACTACTGT;435,85,504,579,526,16,26,486,449
GCCGCACCCG;310
ATACGCATTG;415
GGCCTCCTTT;526,544,146,201
CGCGGTAGTA;569,286,236,241,131,227,436,379
GATTCCCCGA;221,400,193,94,257,482
CCCGGGTCAT;56,106
CACCACACGC;383
CGCGGTCCTG;526,232,527,47,356,144,143,358,98,421,275,125
CTTTGTCTGG;284
CAGCGGTGGA;369,466,380,293,206
AGTACACGCG;206
CGACGGCATG;52,222,202,466,101,121,187,227,116,513,403,176,73,447,336
TAATGAGTTG;400,182,580,86
TATGCTCCCC;523
CGCTACTCGA;235,219,60,563
GGGTGGTGAT;342,394
TTTTCACAGT;432,400,553,424,296,396,146,581,217,10
CAGCATATCG;427,544,316
AGCGCTAGGA;39,291,272
CTGGCCGCCT;369
AGGCGTCTAG;537,375,201,76,460
ACGACGTCGT;182,286,86,69,508,88,139,329,589,303,309,351,325
ATACGACCGG;76,159,14,55,9,496,102
TCCTCACCCG;380,14,91,296,37
GTTCAGTGGG;221,129,455,582,273,460
GATCACACTG;136
GTTCCCAGTC;390,101,364
AATGGGATCT;68,317,326,140,78
GCGCCCTACG;514,485,166,374,341,16,512,36,401,420,325,432,497,369,277,35,235,272,394,93,472,27,522,448,274,582,327,295,133,330,467,286,432,476,120,500,370
CGGTAGACGC;89,162,182
CGGAACAGCG;347,451,492
ACTATCGTTG;225,407,156,478,400,45,503,34,322,66,493,498,68,101
TTCTAACACT;340,187
AGAACGGGGT;151,406,398,572,513,303,254
TCTCGCGAAG;91,285,286,365,433,404,402,229,267,157,480,395,175,508,368,212,395,558,354,255,321,262
GCACACGCTG;465,229,491
TGTCCTCGGG;9,488,269,58
CCCGTTCACA;431
TGAGCGGAAG;270,194
AATACTCACC;523,67,308,530,311,448,192,403,140
CGAGGCGCGC;433,203,7,66,269,361,249,458,562,406,408,54,346,422
TAACGACTCG;506,362,466
GCGAGCGAAA;583
GCTTGTGGGT;190,197
CGAGGTGAAT;217,444
TTTGCGGGCA;480,315,242,20,16,117,460,27,464,396,575,242
ATTTGCAAAA;103,384,62,45,61,381
ACAAAAGACT;186,85,425,128,29,239,145
GTGTAACTAA;166,93,371,523,282
AGAACAATTT;275,463,160
TCTCCACTGG;185,376,301,8,450,148,375,97,282,510,398,74,261,378,567,353,559,259
CGCTACGCGG;389,154,470,80,312,382,297
CCCGGCACTG;90,22,539,476,264,485,566,336,495,330,484,274,399
GATGTAAAGC;105,192,472,227,224,359,175,170
CGCGAGCCCC;515,519,311,436,465,104,366,506,279,83,504,40,577,145,456,8,321,42,563,107,528,83,7,279,69,240,320,418,575,111,173,188,149,105,255,71,388
GAGGGGCACG;165,546,264,116
TAATATCCTC;76
ATTACTCTTA;424,509,433
ACATTGGACA;558,15,339,526,551,98,528,466,380,234,448,444,113,510,535,55,221,82,20
TCCCCTTTAA;367
CTGGAAGCTT;404
CCTCAACCAG;27,429,216,383,340
CCCCCAACGT;52,248,284,128,452
GGCGGCCGCC;547,198,72,274,198
GCCGACCACT;406,174,238,261,191,305,316,490,443,121,595,336,586,594,338,441
GTGTGAGGGC;22,182
AAAGGAATGC;556,408,526,168,460,468,169,400,67,367
AGTTATTAGT;407,11,461,247,258,75,377
GTCTCTTGTC;521,145,508,516,553,456,258,366,12,338,454,176,510,391,252,532,521,275,548,384
ACCAAGTCTG;437,574,497,214
GCCCACCCGC;85,146,583,476,439,91,315,96,331,505,302,37,416,236,13,438,586,375
CAAATATCTG;95,14,575,27,380,386,253,133,361,437
CAACCTCACA;440,504,352,135,535,361,61,83,262,215,523,453
TTTATAGTAT;584,79
CAATGATGCC;88,53,338,516,552,114,287
GTACTCCCCG;237,271
GATTAGAACT;295
TCTCGCATCG;345,217,113,509,290,340,12
TCGAGTTCTG;561
GTGCATCGAA;54,554,598,163,375
GCGGTCGGAT;201,379,326,303,84,500,84,111,171,218,360,232,286,150,195,295,137,584,549,574,571,578,467,95,556,42,135,92,127
GGATCCCTAA;516
AGTCCGCAGC;445,53,138,118,303
CTGTCTCCCC;357,142,261,578,72,293,490,518,134,367,531,57,224,258,287,134
GAGTTTGTAT;538,474,580
CACATTTGTC;366,552
CGAATAAGAG;208
GACAGATTAA;431,241,340
CCGGGGAACT;348,509,71
CGGTAAGTCC;509
AATTCAGTGA;179,547,76,129,394,231,114,161,140
GAATTCGGGA;520,450
ACGCCCCGCG;447,438
TGCCTCCGTA;306,351,501,78,110,180,238,265,436,19,218
TCAGCAGCAC;273,582,58,470,441,263,538,181,80,462,232,588,536,527,519,47
TTCCGCACCT;134,385,118,193,223,282,330,20,115
TCAACATCTT;125,502,50,486,529,236,265,138,259
TTAATTGCCA;57,79,400,333,102,441,431,107
GAAGACCCCT;310,539,527,123,11,501,171,94
CGTGACTGCG;490,533,287,554
TGGGCAAGGC;174,536,597,335,480,106,366,92
GGTGGAGACT;287,179,411
AATGAGGATC;102,171,400,427,81,185,162,63,254,354,56,4
CTTGGCGGTT;536
GATGCCTGTC;338,45,208
TCGATGACCA;321
CAGCACATCC;497,126,493,530,179
CGGTCTTGGG;475,20,473,23,575,507,270
CGGAGTGCGC;298,27
ACCGCCGCCT;1,60,309,257,386
TTGATGAGAT;65,465,405,377,456,95,528,557
AGAAGTCTTT;262,336,292,467,54,200,385,132,125,102,279,120,227,27,7,68,570,322
AAAAACTAAG;332,10
AGGTAATGCA;214,43,122
CCTACCGCGT;530,409,188,516
CATGAGCGAG;226,568,318,449,331,506,362
GTTGGCCTGC;195,420
CGTGAGACGC;501,537,49,540,292,546,251,346,430
AGGCACATTT;180,569,101,234,397,385,96,324,464,43,558,599,350
TATTGGCTTG;183,231,262,225,6,65,441
ATCGAGCACT;74,321,387,539,384
TTGTCTTTGT;546,86,369,327,454,162
GCCCCTCCGA;493
CGTTAACGGC;332
GCTTCCTGGT;107,460
AGCGAACTGT;549
GAGTGTTGAT;323,560
ACAGCAAACA;462
TCTTCAACCG;46,395,203,464,203
TATTCCTCGC;41,14
CATTTCTAGT;590
CGGTTTTTGT;34,249,443,552,101,514,157,215,439,412,59,557
GTCCTGACCA;249,587,145,143,499,297,569,416
ATATGCCTTA;141,82,94,212
CGATTATAAT;570,60,337,120,153,330,431,328,91,20
GTCGAGCTGC;562,490,35,533,401,441,482
TAAAAACGCA;578
GAGCAGACGT;335,325,425,303,264,211,510,319,448
GAAGTCCATG;90,128,307
AGTGTTAGGA;258,432,123,429,489,418,391,578
TGCGTCCTAG;77,96
AAGCGAGCTA;15,32,221,152,193
TCGCTGGGGA;57,192
ATACCACACC;170
GACGATTTTT;320,303
GGCTCGACAA;591,41
GGAAAAACTC;339,396,195
TCAAGGGAGA;423
ACACGCAGTT;142,377,522,362,160,133,214,231,175,466,289,558,388,204,104
GTAGTCTGGG;333,491
CATAGAGCTG;150,52,527,514,50,185,43,569,20,357,132,335,291,190,318,352,298,93,538,566
GTAATCTGGA;415,126,17
CACCAGCAGT;68,20
GACGCCCTAT;492,314,347,155,508
GGCACGTCTA;461,487,195,194
TAGTGTGCGG;80,563
GTACGTCCGC;317,221
AACGCCGTGG;30
GATAATTCAC;92,81,283,121,594,283,400,98
GAATTCAATT;583,449
GGATACGGAA;32,367,133,598,420
CCCTATTCGC;9,388,504,367,183,461
GTGCACGCGC;403,260,31,229,459,76
GAGCAAGGGC;292,325,473
TTGGTACGAG;111,584,391,288,365,428,435,64,325,336,92,438,499,320
ATACCCGTAA;590,554,199
TGATCTCTCC;371,500,590,41
GGGAGATGAC;381,357,536,298,328,152,428,49
TTGGAGTATC;162,150,132,27,315,284,138,357,446,330,215,174,70,300,496
TGCCGCAACG;16,456,389,407,485,526
AATAGGGGGT;408,323,133,529,101,155,81
AAGACCCTAC;597
TTTTAACCCT;299,303,500,111,519,17
CCATTGAATC;213,349,541,186,545,168,272,296,283
GATAGATATC;167,224
CTTATTCGTG;225
AACGCCTGGG;456,413,379,429,47,462,83,80,233
AGGGCTTGAT;27,478,155,455,509,155,383,288
ATGTTAATTT;533,69,380,493
TGCGGTTCCT;406,174,548,50
CTTGAGTCAG;25,93,387,14,416
TCGATAGCCC;527,310,509
CTATCCGTCC;80,60,385,134,487,192
CCAAGTATTG;90
TGTGCGCATA;6,586
CGCCTGTCGC;531,50,231,545,99,154
CGCGGCTGTG;247,588,249,293
TCTATCTCTA;25,540
GCGATACTAC;508,355,365,30,462,35,328
CGTGAATCTT;343,201,175,295,185,312,346,367,276,556,499
TTAGTTGCAA;94,307
ACACTTACCT;362,511,501,306,353,64,507,512,488,596,0,575,329,267,580,540
GATTTCCCCA;493
TGTTACTTAT;559,301,540,213,323,94,81,506,584,113,278,158,430,162,497
GCTTGGGTAC;311,341,368,481,311,79,294,540
GTGTGGGGTC;88,451,308,593,312,543,485,246,498
ACGTTACATC;301,555,337,486,130,556,186,247,402
GGCCGAGCGT;259,50,487
TGGGCCTCCA;148,330,199,260,254,345,286,0,89
GCAACTGACT;317
GGAGAGTGCC;36,131,574,556,327
TAGCCTCCCT;85,142,302,525,594,396,586,201,445,450,24,178,139,147,511,287
CGCCACTTCA;499,207,86,348,485,372,173,439,466,276,598,451,587
CAGGCGGCTA;10,108,188,279,466,481,251,487,448
GTCTAGCGTG;217,54,599,335,184,158,147
CTGGACGCGC;424,307
GAGCAACACT;106,133
AGTGCGCAAC;592,467,359,157,259
TACGTTGGCC;281,356,590,277,316,241,205,112
ATACAGATTT;555
ATGGCGACAA;446,186
ATCGGCCTCA;196,63,139,568,294
AATATACACT;484,408,563,386,482,501,305,492,166,431,117,255,247,109,307,346,230,244,230,591,253,542,377,597,550,482,567,592,16,369
TGGAGTCGCG;414,526,180,482,397,218,543
TATATCCGCT;20,257,176,281
ATAATGTATA;108,53,115
GAGGGCCGGA;111,488,287
ATGAGGCAGG;172,396
TCGGGGGAAG;109
GCGGTCTATG;547,269,446
CCCTTGAACC;364,273,474,371
TACTGGGATC;49,71,475,112,247,340,224,571,148,248,541,528,194,89,140,168,553
AAATCATCCC;83,321,202,308,499,5,156,215,359,328,323,498,150,304,203,167,209,392,100,357,117,291,300,340,455,262,295,350,195,56
ATACCTGCTA;341,487,32,590,352,253,470,450,326
TCGGTAGTTA;373,300,21,77
TTTGCCGACC;414,589,282,351,104,93,2
TCTCCCCGGC;140,570,565,510,596,245,175,88,232,438,425
GCACCCGTGA;61,103,548
ACAACACTTA;395,137,81,124,80,247,359,401,366
GGGCCATGTG;10,419
GCTGCCCTCA;76,22,401
GATAAAATCT;559
AAGCTGTGGA;381,294,455
GTCGTGCTCG;251,460,396,527,564,431
AGTGCATAAT;48
AGCTCGCCAC;389,487,564,481
GGGCAGTGTA;240,590
AGCTAAAGAT;87,41,137,494,481,174,204,106
TACTCAGTAA;377,577,13,244
CTCCCGCACA;559,183,80,481,275
AGCGACCCTA;215,133
ATGCAGTATG;21,510,381,138,238,593,207
GTCCGAGTTT;542,439,87,380,543,338
TCTTCACGCT;343,86,244,213,38,481,534,392
ACTTTCTGTT;567
CCACCGACGG;460
TGATTTACTC;72,142,418,326,258,445,528,337,500,199,121,76,294,434,75,24,324,232,487,118,242,44,353,177,266,27,325
CTGTACGTGG;144,131,352,388,358,143,511,453,598,167,465,91,550,147
CAGTGAGGCT;166,23,61,513,28
CGTCAAAATT;466,446,432,77,397,275
AGTTGACGCC;271,284,506,579,492,88
CGGGGAGGTC;119,152
CATCAACAGC;434
CAATCGGGCG;462,549,490,333,378,240,356,167,416
TTCCGAGCAA;533,485,155,570
CGTACGACTA;224,160,154,343,593
ATTGGGCCGG;288,596,219,571,155,481,494,106
ATGTAATGCA;349,379,241,215
CAGACGTATT;580,426,98,334,547
CACGTATAAC;31,497
GTTCCACTCA;98,118,223,599,325,354,406,119,536,233,64,146,200,454,80,291,34,314,84,452,462,117,248,112
GAATAGCCGG;7,32,590,527,27
AAATCGACGT;131,599,435,428,221,359,578
TCGCTTGGTG;2,302,524,405,246,156
ATGCCATAGG;119,22,130,15
TCGGTCACCC;221,162,308,478,551,283,453,208,178,183
ATGGAATAAT;159,200,253
TTCGCCAGAA;475,132
CCCCTGGAAG;425
TATAAAGCTT;497,366,228,206,268,422,344,214,366
TATAGTAATG;442,538,530,97,156
TATTGTAGTG;299,563,214
ATCGTTTTGG;562,347,514,398,8,390,317,484,258,518,281
TGGTAATGGA;386,60,311,240,289,50,589,439,321,34,323,473,33,433,575,510,368,70,360
AGACGTCGGA;143
GTTTGATTCA;381
CTTGCAGACG;336,203,239,23,463,221,516,212,399,295,23
GTGCGAACAA;250
ACAGCGGGTC;374,382,348,350,170,166,367,510,442,190,594,234,517,336,240,43,401,259,348,3,109
TTCGGAGCCT;125,358,498,73,402,570,233,88,47,373,120,128,104,28,409,466,178,524,509,486,421,296
CGAGAGACAA;426,311,321,469,344,279
TACTCGGTGC;522,33,565,9,103,545,453,484,495,151,304,210,250,81,353,118,400,70,511,450,31,483
GCGGTATGCC;49,353,70
TCCTTCATCG;175,109,460,315
TCTACGCATA;417,481,195,96,482,197,329,193,64,256,371,280,230,580
CCTGACAGGG;247,334
GCCAGCGGAG;78
GAGAGTAACG;206
TAAAAAGCCA;482,267,224
GAACTGGCGT;558
TGTGTACGAG;557,242
TCGTCTACTG;93
GCCCTGCATC;567,33
TGGCGGGCGA;263,304,90,90,394,91,289,504
CTAAGTGGTA;53,589,203,147
GTGTATGCTA;19,567,218
CGATATCCCA;241,160
TTGACGACCT;479,248,260,299,507,303,253,158
AGCCCCCCCG;12,97
CATGCTAGCG;17,559,280,106
ATCTACCGGA;171,473,162,149,298,543,81,184
TCGCTACTGT;255,300
GAGGATTGGT;23,453,351
ATTAATTCGT;321,499,464,176,109,158,269
AGGCACACGG;144,564,565,265,84,422,459
CGCTCCCCTG;67,229,226,46,220,163,491,468,451,308,475,285
CATTTTGAAC;321
GATCGAGGTT;598,168,97,479,512,314,357,261,589
TACACTAACA;34,252,11,116,22,359,110,420,450
GTGCGCCCGA;342
AGTACACGAT;421
CCATACAAAG;162,502,255,572,114,95,497,72
CTACACACAC;170,378,395,340,591,345,451,132
TTGAACACTT;2,127,496,402,210,367,120,254
GATAGCTCCT;468,361,342,80
AATATAATGG;453,425,272,564,254,350,511,401,105
TTAGCCGCCC;404,469,455,554,346,123
AAGAGTACCT;0,444,276,217
TATCAGATAC;111,424,431,233,237
AGAAAGACTC;504,559,451,550,145
TTAACTAGTA;343,187
GCAATGACCG;22,0
ACGGCGTTCA;359
ATGTCAATGT;278
GTCACGTGTA;371,257,585,83,324,119
ATTATTTCCG;290,419,426,405
CGGCCCCACG;110,311,67,525,52,488,47,103,383
TCGGGTGGCG;36,79,460,357,486,284,379,364,477,551,160,522,529,597,56,248,328,218,494,77
ATCTCCCTTT;536,483,244,540,339,452
GCTATAAAAA;145,139
GTCTCATTTA;32,448
TAGCTTAGTA;254,427
CGGGCTGCCG;331,512,42,321,596,47,167
CAGTGTCATT;564,156,196,304,383,160,278
TGCTTCTTGC;422,532,211,249,23,86,114,542,599
CTTAATCGAT;200,342,28,515,435,140,119
GCTATGTCGT;157
GCCATGCCCT;223,466
CACCGCGTGA;185,120,286,337
AACTGTAGGC;200,102,85,233,371,585,551
AATAATGAGA;142,435,277,364,267,404,570,487,563,512,532,550,127,373
AGAAGCGCGA;93,32,549,170,139
GTCGCGCATT;359,150,554,58,56,395,411,52
CTAGCTCTCA;496,151
CGTCCCGGAT;566,368,587,425,410,475,107,370,301,548,356,430,259,278,470,208,447,2,56,274
GGAAAGGAGA;489
CGCGGGGGAC;190,289,520
TACTGATATC;237,284,58,136
AACCGAGCTA;143,219
TAGTTCCAAT;479
GGCCGAAAAG;292,54,162,443,7,576,16,383
GTGCACTAGC;56,34,98,427,302,410,590,537,551,278
TACTCAGTGT;530,238,309
TTGCTCCAGA;364
TATCGTTCAT;172,315,177,97,317,266,580,575,551,33,494
TTCATCTGCT;466,458,401,76,563,112,465,159,410,217,132
AGATGCCTGA;65,304,359,102,533,71,40
ACAAGAGCAC;44,2,26
CGGAACTTTC;250,415,418,485,264,570,473,65,52,46,372,363,368
ATGGGATACG;344,431,19,17
CTGGCTCCTG;394,557
AAGTTAGGGA;402,328,341,494,308,212,148,583,428,272,305,128,529,8,187,211
ATTAAAATAG;126
AGTCTACGCA;566,557,592,149,111,131,554,238,320,403,64,490
TTATCATGGC;429,577,167,597,126,588,545,587,330,356,538,313,206,546,378,403
AGATGCCTGG;263,189,111
GTTAGAATTA;462,446
TAAAATCTAA;509,25,177,223,42,281,108,292,224,106
ACCACCGCAC;8,284,550,166,40,331,509,160,252,119,396,550,471,265,171,80,116,82,184
TAAGTCACGA;386,242,592,180,450,418,219,262,217,271,309,147,204,25,403,73,326,349,156,200,461,165,429,211,313,578
TGTAGTACGG;568,119
TTCCATTCGG;91,565
TTCGTGCATT;170
TCTAGTTGAG;570
CAATAATACC;590,90,283
AGTCCAAAGT;128,262,29,106,335,532,389,144,95,482,576,99,535
ACGATCGGGG;260,248,230
GCATTTTGTT;230,297,415,532,451,469,34,238,512
ATAGACATTT;199,51,376,389,16,256,78,594,67,378
TACTGTAGAT;51,36,41,511,141,424
CTCATGGTTA;264,559,566,439,49,8,252,479,2
CTCCGCCCCC;110,429,343
TCAAATATCG;60,516
ACACAGTTGT;319,536,277
ACGCCTGTCA;344,304,87,195,434,76
GTACCGATCT;149,66,167,411,357,141,218,355,482,479,454,185,268,353,484,21,507,410,395,402,171,434,301,279
AACGGTTGAC;457,395,510,248,472,554,436,401,64,32,51
TTTAGACACG;540,215,177
ACGGCCACCC;124
TGAGAGTGGA;59,172,147,194,278
CCCGGTTAAT;530,72,354
AATCAGGCTA;165,336,432
CACCAGCGCA;407,40,559,421,189,461,144,556,48,157,496,199,46
CCTGTAGAAG;24,142,361,283,323,29
TTTGTTCGCC;355,83,158,251,535,164,279,278,323,579,575,585,335,275,294
GATGGGAAAC;352,392,186,428,514,238,299,56,64,73,351,24
TAAATTAGTC;184,332,87,469,74,294,374,50
CCTATTCAGA;380,112,504
GCTAGTCTTG;277
GAGGATGCGA;56,392,391,9,537,315,373,277,275
CAACCTTAGT;77,150
CACTCAGTCC;436,558,183,380,58,334,245,330,184,517
TCCCACGCAG;487
TCCAAGATAA;438,422,321,181
CTAGTCCGGA;222,233,58,543,75,334,104,95,101,194,471,264,163
AATATTACAT;568,100,521,501,296,470,160,387,316,382,117
CAGACAGACG;368
GAACAGCCTC;460,515,71,72,486,396,517,473,553,576,52,418,116,558,190,178,270,284,205,508
CTTCAACAAG;55,534,316,291,192,287,477,264
AGGACCTACT;138
CGGGCATACG;133,154,294,35
GAACCTGCCG;324,227,288,358,339,397,487,268,535,548,35,370,321,361,240,455
ATTCTTAGCC;27
CGGTACGACG;367,582,120,9,160,404,240,83,165,575
AGTTTTAGGA;304
CGTCAGATTG;269,281,146,465,417,55,533,188
GCATCGCCAA;313,392,58,185
GCAGGTCCTT;52,221,448
TGAGCAGTGG;366,94
TTTTAGTGAA;157,458
CGAGTGAATC;154
CAGATGGCAT;329
ATCCTTACTG;404,186,137,512,444
CTATCTTACA;193,79,415,41,426,175,96,359,24,520,232,108,218,285,438,202,369,445,196
ACTCGATCTT;250,23,392,405,390,95,550,290
ACTACCGTAT;75,236,569,357,280,137,570,63,241
ACCACCGAAC;416
TCTTGATATG;569,136,169,388,163,45,333,128,161,185,579,579,457,513,243,471,37,33
CTTCTTGCGA;455,365,399
ATTAATAAGA;591,299
AAGATAACTT;251,408,52,196,398,489,236,222,189,183,524,439,118,370
GAGGGGGCGT;16
TACTGCGGGT;40,337,266
CCGCAACTGA;103,499,483
TTTAGGTTAA;579,346,489
GACAGTCTCA;566,70,355,516,37,525,219,427,239,3,390,459,334,179,375
TTAGCCTCGC;249,102
ATCTAGGGAC;155,486,598,328,144,500,238,397
CCGGGTAAAA;135,569,289,567,132,44,555,366,536,275,314,577,74,344,121,37
CGACAGTTTG;229
GAACATTCTA;162,316,520,275,136,497
GGGCTGAACT;543,158
GTCTAGCCCA;573,414
AGCGGATAGT;403
ACTTGCCCCG;254,363,241,543
CTGGGGTCCG;418,253,162,0,251,574
GGCAGCAAAT;505,168,318
CCGACGAGCG;451,153,173,536,399,20,57,251,198,368,126,116,570,424,583,362
AAGTAAAAGG;302,505,524,468,6,70,64,336
TGCCTCATCT;237,410
GGACACCCGC;4,237,273,172,228,14,565,180,275,459,6,325,509,247,305,462,275,348,424,524,127,521,428
TCTTGAGTTA;476,207,504,89,208,551,541,327,179,240,297,456,256,510,160,374
TACACAATAT;502,58,28,585,382,300,583,379,363,94
GAGACTATGG;463
ATTCTGGTAT;72
TGGACAGCTA;506,546,306,511,429,358,310,313,555,104,169
CATCTAAATC;141,488,290,560,184
CCTGCGGAGC;459,343,127,553,216,529,107,563,256,75,494,472,11,326,227
CGATGCGCGA;381,77,46,265,372,305,266
GGCCTCTAGA;344,593
CGGCGTTTTC;213,337,61,314,107,429
CTATAGCTGG;477,27,469
GTCGAACTTC;181,323,592,68,503,503,97,415,156,599,43,492,386,374
AGCAGTGAGA;438,448,475
CCGTAATAAC;361,389,93,397,310,358,430
GATCGGATCT;38,491,299,265
TTGCGCTTTC;150,75,296,207,407,582,564
GATTCGGTCG;74,594,73,567,548,550
GGCTAGTGGG;21,145,535
TGGTCCGAAA;89,417
CGATACTAGC;454,583,203,530,5
AGTCTCGTCA;587,490,143,278,251,585,505,113,7,324,484,346,590
TCCGATAAAA;370,488,261
CCATCCCCGA;557,342,499,69,383,504
AACATGATAC;182
ATTAATCTAC;408,362
CCATATGCGG;207,249,582,448,597,90,363
AAGAAACGCA;32,266,121
ACGCCTATAC;89,172,223,542
ACATTTGGAT;278,32,389,75,144,430,107,20,173,137,106,369,251,184
GAGTGGTTAT;197,439,379,339,511,62,552
CAAGCCGACG;404,343,448,543
ATCGGGGGAA;289,217,499,316,161,320,107
AATCCCTCCA;574
GATTACATCT;448,522
TAGCTTCACG;537,197,265
GGCCTCTTTC;346,198
GACAAGGTTA;205,487
GCTGTCACGC;209,185,364,379,339,168,476,345,140,242,593
TAAGAGCACG;451,226,498,99,82,517,557,184,472
TAATATACGC;32,324
TGCGTTGAGC;433
CCTGTTCTCA;193,327,402
AGGCTGTAAT;441,406,414,528,89
TTTAGAGTCT;271,586,379,352,109,214,481,194
TGGAAGTTGA;394,337,339,205,360,591,326,319
CTCCGTCGCG;95,58,394,424,351,500,373,251,355,316,220,210
ACGTCTCCAC;539,374,233,488
GTACACGTTA;2,21
TCGGGGTTAC;562,282,220,537,57,266
CCGCCCGGAC;333,212,482,280,6
GTAGTTAATG;449,108,54,531,460,597,576
TAAATTGATC;194,362
TCTAGAGAAT;373
GGGGTGCTTA;105
ACGCGTTGAC;419,562,138,312,221
GCAATATCAA;233,558,160
GTGAAACGTT;475,76,127,420,23,142
TACGGCGGAC;7,330,54,426
CACTGTGAGG;199,240,573,447,542,298,13,376,179,63,553
TCCCTTGTAC;1,60
ACCTTACATC;4,72,265
GCCGTAATAT;294,216,102,578,512
GGCAGGATCG;481,574,83,147,517
GATACAGGTA;425,589,17,498
ACGCAGGATC;7,312,189,275,34,276,282,562,316
AAACTATGGT;420,416,171
CTAATAATTG;359,306,410,415,132,40,97
GATTACCAGT;404,93
GGTTTAAGGC;21,61
TACTTCTCTG;242,579
AGCCTGCCCG;62,428,433
TATGACCGAC;328,173,293,596
TTAACATTGT;19,166,28,375,331,460
AAGGAACGCA;149,95
TGTCTGATCG;194,86,314,39,266,188,71,236
ACGCCCCAAC;295,290,33,471,109,564
GACGGTTTTG;579,81,319,46,59
GTACAAAGCA;252,89,565,208
GCGGTGACGG;371,501,246
TTAAGTCATA;510,43,349,62,266,407,255,276,56
CTGCAGTCAA;234,95,119,214,121,391,318,430,235,184,484
TGTAGCAGTA;407,239,435,226,106,202,337
CTCCGTTGCC;421,290,270,291,491,518,550,343,492,528,184,75,229,596,392,127,513,525,11,124,266,475,62,407,363
CAAGAATTGC;146,238
TGGGGTTGGT;204,104,264,30,378,382,59,598,499,181,158,290,472,113,228,490,575,548,211,579,538,455,506,555
CAGACTTAGC;98,538,251,267,536,362,21,156,55,74
AATTCAATAC;487,544,20
CACCTAGGTT;393,308
AGCTGGCTCA;211,442,69,439
GAGATTTCCC;93
ACAAGACGAC;15,521,298,55,580,181,215,553,521,460,168,237,403,457,213
CAAGAGCATC;506,257,261,52
GGTATGAAGT;26,331,86,65,378
CGACTCCCCG;324,457,7,354,262,440,103,273,300,298,367
GCAAGTTAAA;87,226,503
TACTGATCAA;30
GACAAGATTT;248,238,338,144
CCGCCTATGT;570,432,513,226,251,139
TCGGGTGGCG;420,72,84,361,302
TCGCTTTTTT;43,599,469,42,75,390,286
GTTCCGGACG;515,402,137,251,589,173,154,181,584,30
CCCGTCGCGG;596,405,152,257,549,22,3,352
GCCAATGCAG;368,44,591
TTTTGCATTA;202,493,371,206,494,23,233,113,121,152
TCGTAGTCTT;467,146,20
CGGTATTGTA;376,407,28,403,449,144
ACTGCTGGGG;104,414,560,174,422,322,581,261,404,549,80,63,378,583,336
CGTTGAAGAG;379,196,441,60,165,552,424,361,91,141,378,410,345,275,345,521
GCGTCGGTAC;29,444,137,140
TTTCTGTTTT;484,117,64,179,583
GAGAAAATAC;117
CGCTACCTGA;512
TTGATCCCTC;118,128,550,223,293,405,238,513,484,325,26,112,373,291
CAGCTGACAG;208,286,231,42,196,382,31,174,538,581,88,125,49,525,355,205,35,519
TCAAAAAGGA;75,112,19,553,161,474,240,433,592
GGAACACCTG;525,37
ACGGACTAGG;173,196,206,476,293,400,406
ATTGGCGAGC;570
GCGGGTCGGA;286,131,124,16,506,276,351
GCGGAGTCAA;204,281,276,26,96,306,195,49,76
CATTAGCAAG;224,473,270,65
CGCTAGCATA;227,440,458,85,128
CTATGTAATA;37,479,503,176,394,260,100
TCGTGGCATC;37,5
GATTTCGTGA;84,133,67,315,408,518
AACTCTAAAA;391,306,570,571,242,55,253,422,571,598,65,228,235,110,255,456,588,88,134,223,284,163,50,495,524,513,490
CATAGGCGAC;518
TCTCCGAGTG;379,327,4,326,123,399,166,577,285,412,393,20,291,154,236,183,320
GAACATATGT;580,212
GTAAACGGGG;396,129,18,473,287,70,88,22,115,5,265,360,210,265,157
AGTGCACGTT;559,212,373,128,260,73,309,263,77
TTGCAGCCAT;75,439,411,457,115,340,409,88,434,531,494,586,1,311,307
AGTAAGAGTA;46,307,163,589,368
ACATGCGATT;230,220,173
TGTATATAAT;384,118,302,164,450,167,318,569,187,337,282,414,123,522,84,597,403,28
CTACGGGAAC;457,426,580,390
ACATAAGAAA;385,21,498,587,498,536
CAAACAGAGG;239,290,517,476,152,365
TGATTATGGT;51
GTAACGCGCA;155,340,244,444,422,535,465,116
TATAGGGGGC;489,320,305
GGATCCAGCT;399,21,234,555,23,364,293,338,325,388,366,68,563,388,372
ACCCTCAATT;300
CTCACGGTTT;495,48,170,463,202,52,107,369
CTCGGTAAAG;4,37,224,209,411,19,385,225,295
TCAAGAGGGG;231,24,281,366,242,581,100,75,233,173,360
CCGAACCGAG;265,377,371,257
ACGAACTTGC;236,585,432,347,335,424,231,121,42,246,248,593
TGATCCCAGT;407
GTCATGTACA;148,142,430,175,532,89,329,269,7,521
GAACGCCGCT;412,89,297,284,512,132,412,144,304
TTTTGGTCTC;534,527,542
TGTCGTCAAC;327,429,439
GGGAGAATAC;359,398,178
TATCACCAGG;237,21,187,434,152,270,442,197,380,135
AGGCTCTCAC;218,15,341
ATTCTACGGC;273
AAGTAGTAGG;584,459,486,9,552,60,304,534,572,270
ACACGTGGCA;498,288
GTACACCGCT;530
AGATGGTGGG;560,514
AGAACGCTGG;466,12,571,235,182
TCCGGCCACC;506
CACACGGCGG;520,109
CCATATTATG;466,321
CCACTGGGTC;342,362
ACAGAGCGGA;223,72
ATTTCGGCCT;596,295,15,55,425,248,33,200,516
ACGTTGACGA;523
GCGGTAAACT;550,356,413
TAATCACAGC;88,44,296,251,503,413,35,362,334,129
TCTTTCTTGT;427,142,538,293,203,158,235,264
ACAGGCCCTC;361,0,408,199,569
TTCCCCGCCA;14,58,115,165,539,57,19,577,190,20,586,448
TATCATACCG;427,271,510,263,124,499,1,424,69,155,234,449,447,180
AAGCCATCGT;93,470,270
AATGACTAGG;538,322,457,268
AGCCTTCCGA;599,181,262
ACAACACCAT;185,245,9,74,588,23,372,142,267,262,242,366,113,402,304,399,139,222,58,47,418,562,131,522,90,409
CACACATCTT;394
ACGAAGGCCT;567,359,536
ACCGACCTAT;240,97,342,299,8,417,134,522,538,278,98,294
TACTACTGCA;147,156,97,469,484,148,249,459,399
GTACGAGAAC;508,28,77,531,170,182,164,358,215,249,148,522
AGACACGTTT;471
CAGTAGCGAG;482,458,390,110,311,38,465,588,194,421,549,439,242,467,131,430,493,542,84,519,279,580
CTCCACGGCA;508,377,342,408,465
CGTTACCACA;48,201
TATAGAGCGA;19
GAAGCACATC;62,219,538
GACTGTACAC;193,325,549,321,195,155,240,192,69
TGGAATTGAC;552,427,52,528
CCATACGTGG;596,287,333,18,197,430,292,128,279,431,328,437,151,491,79,115,52,530,2,542,580,545,461,378,48,29,341,106,368,237,193,237,352,289,556,132,279,405,410,252,540,385,330,295,572,4,400,148,53,45,224
AGCAATACCT;276,50,18,472,242,257,488,548
CAGTGTCTGG;6,139,179,419,554,443,272
GTGCTTAACA;164,395,45,14,446,37,409,177,386,36,174,179
AGATTGAGAC;490
CCCGAGACGC;189,366,200,145,92,262
ATCCGGCATC;145,293,397,467
CCCAGGGCTC;97,324,162
TTAGTGTCCG;14,24,166,148,410
TCCCACATCT;133,312,239,465
TGTGGCGCGT;422,392,87,82
GGTACCACTC;193,52,431,592,35,67,52,148,158,353,492,443,438,189,510,231,92,216,56,14
GGTAACGTGT;180,388,84
TTTAGCTGAG;268,145,197,178
CCAGCCATTC;560,224,471,498
ACTGTCGGGA;174,164,189,257
CGGATGTCTA;181,352,54,232,548,176,81,542,255,386,587,320,176,111,29,66,576,243,570
TGTGTTAAGA;564,131
TGGAGCGTAC;317,64,341,184,80
AGCGTTCATG;179,31
CTGCTAGAAT;48,376,244,141,365,173,570,223,509,162,194,429,459,187,461,505
CCATTGATCC;592,452,587,477,316,547,52,361
GTGACCTCTG;138,385,178,581,315,542,56,72,239,572,23,71,113,341,278,189,81,64,318,543,522
TCTGATCCGA;541,106,431,463,499,435
CCTTCAGAAC;207,396,99
GATCGTTGCC;200,159,156,317
AGGCAGCCTT;548,399,370,330
CGCATGAGAC;179
CGGGCGAGCA;291
CTGGATCGAA;489,446,296,592,52,86,229,89,559,514,473,290,491,8,255,511
CGTGGATCGG;214,173,551,580,479,332,55,584,416
GGAAATGGAA;498,39,253,464,4
GCGTGGGCTG;166
TAACCTAGGT;330,474,548,162,272,384,484,177
GCCACCGAAT;167,142
CGAACCCCCG;277,584,157,435,515,429,394,42,158,32,26,531,123
CGACCACGTG;401
CACTGGCAGT;347,52,510
GATTTCGCGT;302,570,327
TGAGAGCGCA;99,275,451,531
TTGGTCGGAG;160,255,445,59,362,229,317
CTACGACCGA;32,233,469,140,298,175,113,107,234
TTTCGAGCGC;518,305
CTAGCCACGG;18,580,67,497,576
