GAGTCGAGGG;624,488,7,533,407,235,268,147
GGTAAGTTTT;610,73,6,374,353,364,165,624,612
GTCCGCGACA;604,287,135,461,565,649,459,241,697
AAAACGAAGA;582,242,127,505,441,172,359,525
CCCGTCCTAG;141,264
ACGGTCGAAC;493,264,317,548,65,284,602,116,285,451
ACATACCGGT;17,474,249,690,432,259,548,532,79,354
GTCTCGACGA;351,480,429,311
GTAGACCTAA;271,1,346,6,614,273,463,474,70,191,540
CGCTTTCCGC;116,296,556,586,373,342,286,520,248,367,550,592,523
TATAGTGCAC;36
CAAGGTGGTA;331,520,176,637,614,563,243,444,470
AGTCTGCCTA;296,45,374
GTCATGCCGC;123
TCAGCAGTAT;282,521,189,453,602,243,589,596,684,133,546,530,158,540,451,20,644,557,244,501,87
GTGACCAGTA;230,293,477,324,694,19
AAATTACGTG;530,198,141,623,345,587,376,277,500,611,274
ACCAGTATCT;656
TGCCCTACCG;588,368,351,75,638,175
AAGACACAGG;129,470,36,338,364,525,17,407,397,328,212,24,242,135,454,23,345,642,412,265
GGGGACATCA;281,347,687,490,420,297,216
GTACTGCCTG;294,49,441,66,574,546,400,224
ATCTATTGTA;610,519,189
CAGCTGATTT;338,170,132
AAGGGATAAG;632,91,588,437,578,413,79,415,557,582,397,113,555,588,227,253,121,131
CGACGTTGGA;242
CTGGGAGGCA;219,308,38
TTTACCGTAA;24,170,642,138,236,257,156,610,491,669,206,669,356,242
CGACTCCCTT;78
TTTTGTCGAC;352,555,92,207,249
CCACCCCGCA;143,636,612
TCCCCTACGA;587,676,130,562,88,111,390,613,527,436,96,155,227,250,195
CAACTATAGT;667,308,50,375,421,32,145,334,191,447
ATGTGGGCGT;554
TTCCCGGCCC;192,327,164,582,608,104,38,30
ATAGCCTATC;217,476,85,582
GGTTCCGGCG;228,17,566,486,479,365,147,565
AAGTTTAACG;216,4,308,630,598,428,105
AGGGCTTGTG;628
TGGCGTCCCG;177
GACTATTTCT;209
GAAAAGTTAT;139,644
TTGGCGACAC;51,505,407,182,84,217,1,627,120,127,41
GATCCGATCA;621,544,570,170,692,681,259,351,472,405,196,476,545,186,646,389
CTATTCGAAA;100,331,683
GGCAGACTTG;68
GTTCTAGCGG;448,677,336,244,611,160,341
AGATACCGGA;178,259,196,253,647,147,566,449,345,608,47,154
TCCTTGCTTC;55,498,281
ATGACTCTTA;565
GCCAGGCAGG;356
TATGCCATAC;426
ATGCCACGGG;255,102,253
GCGATTAGTT;333,636,561,156,626
TACAAGACTT;354,2,365,280,458,266
CTGGCCTTAC;443
AAGAGAGCGC;195
GAGCAATCGA;596,183,65,418,307,461,24,312,159,411,564,545
GAACATTTTG;520,117,445,145,687,63,633,290,650,175,579,438,441,463,391,269,490,115,64,369,473,430,655
GATATAGTTG;250,369,503,380,45,173
CTTATGCCAC;589
CCTCCCCTAG;247,402,451,43,374
CTGACTAAAC;315,666,583,297,688,387,566,265,419,658,88,335,28
ACGACCCGGT;688,434,427,241,449,697
CGCATTAGCC;541,587,597
CTTGAGTTAC;103
ACGTACATTG;47,294,156,88,0,399,302,401
GCAAAACCCA;690
CGACACTGAT;673,610,282,596,199,697,50,457,668,412,637
AGGGAGGAGG;138,126,660
TACCACAACG;295,373,499,348,222,570,234,26,653,44
ATTGCGAACC;378,269,628
GAATTAGACA;322,38,610,574,418,147,42,561,525,668,309,58,224,116,385
TTTTAACTCA;663,668,80,530
TTATTACTTC;585,187
GCGAGCCATC;23
GGGAATCGAG;604,497,216,287,435
TAATCAACAG;421,657,219,544,660
GTGTTCGGGA;578,12
ATCCTCTGGA;106
TGTGATGAGT;188
AGTCTGACAA;310,461,508,199
CACGCTAAAC;576
CATAGTAAGC;535,8
GACGATGTCA;35,111,498,0,447,621,165,689,637,431,133,384,116,434,42,360,126,265
AGCCAAAACC;509,511
TCCTCTGATA;20,61,176,435,584,118,482,676,366,454,17,188,170,135,275,277,155,151
TCTAGTTCTA;659,165,468,55,618,623,662,13,588,314,462,338,123,149,141,221
CGGCGAACTG;502,443,403
CGCCGGCAAT;78,313,382,670,173,455,666,180,138,248,664
GCGGTGCCCG;574
TGCTTAAACA;593,283,654,334
ATTTGTATCC;173,477
CGTGCCATGA;550,605
TGCGTTATCT;569,193,596,62,562,192,13,353,470,156,526,300
ATTCCTTCCG;185,577,656,49,509,548
CGCCCGGATG;429,309
GTGGCAGATA;566,278,51,698,205,199,697,53,36
CAGTCCCGCC;486,518,645,546,325
GTAAAATGCC;50,377,475
TTCGCCTGAC;494,402,548,357,524,288,532,162,667,479,376,463,465,423,574,605,389,137,600
ACTTTTTTAC;200,167
ACTACATGAG;98,443
CAATTAAGCA;689,467,551,382
GATGGTGATG;314,75,244,446,468,386,113,18
TAGTCCCCCA;69,499,523,140,574,691,609,449,516,619,619,137,326,540,643,155,193,288,695
GTATTCTTAT;638
ACTCAACGTG;320,611
CATCCTCACT;545,388
AGGAGACAAG;159,115,136
ATTCTCCGTA;612,504,383,295,372,295
CGTTTGTAAT;360,693,91
TAACTTCGAG;357,489
GTCAAACGGG;495,73,328,391
TTATGACCGG;405,423,467,224,489,148,524,490
CGGGGAATGG;38,202,415,51
AAGTGTCTAT;128
ACATGATTAT;485,242
GGACCCAGGG;25
GAACTGCAAC;487,531,155,60,302,577,106
CCTTCGCGCT;564
ACGAATTTGT;565,335,43,644,296,383,345
GCTATTTACG;644,213,144,72,195
TCTATTTTGC;23,182
CCCGACCAAT;525,339,377,147,180,660,239,206,162,686,439
GACCCCATGG;465,380,223,532,453,193,135,501,588
GAAACTGAGC;77,579,534,347
TGCATTCTTT;431,520,48,563,611,459,86,87,184,119,339,319
GTTAGATTAT;412,24,160,637,120,169,381
AGCTTGCCAA;639,58,77,460,651,58,94,337,167,408,62,509,493,179,421
CTTGTAGACT;387,211,347,352,56
TTTGCAGGAT;307,308,6,386,215,237
GGCTTTGTAT;264,22,339
TCCACAAAGG;131,239,511
TCATTAGGCA;584,569
ACGACCCTCC;61
GTTCAGAATG;283,69,91,457
CAAGCCTCGT;535,2,55,77,311,228,581,456,389,252,531,39,430,150,442,123,566,111,32,274,316,344,602,59
GTTATATGCA;696,383,558
CTAACTGACA;258,401,504,112,688,467,517,191,409,586,16,326,519,49,567,159,670
AGGTTTGCAA;95,403,92,543,157,281,229,679,613,551,392
CGGAGCAGGG;506
CCTAATTAAG;661,556
ACTCTACTGT;470,485,17,264,394
AAGATATCCG;103,578,60
GCGTCGCGTC;168,619
GGCAGATGAT;136,367,274
TCATTATCCT;465
TAAATAAGCC;414
TCTTTACCCA;627,452
TTGGGGTCCA;176,56,84,434,509,255
GGCTCATGAG;549,142,565,114,603,547,113,205
AGTACAATTA;326,388,384,490,594,110,147,382,547,497,222,0,320,10,376,327
TAGTCGACAA;663,399,240,535,38,509,341
ACGAACACCC;562,348,428,506
AAGGTCTTAT;685,684,147,167,430
AATCGACAAT;51,583,389,620
TTAGAACCAG;3,297,114,402,699,173,459,540,529,595,170,488,294,12,130,358,324,81,381
GCAGACACCG;339,22,538
CCGTGCCATC;563,220,392
TGCGAAGAGA;149,179,73,478,1,31,587,570
CTATCCGGCT;180,441,537,679,670,210,429,137,501,537,31,255,435,142,167,331,352,385,631,554,284,289,176,320
TGGGCGGAAC;289,656,11,194,526,59,67,521,192,320,379,387,185,486,292,347,293,502,133,181,282,495,697,368,554,612,80,72,100
CAATCAATAT;218,84,159
CGCCCCGTGG;329,423,97
CGCGTGTCAT;242,231,152,66,575,164,385,647
ACGCGCCCTG;312,124,172,684,588,128
ATACGCGACA;166,260
GAATAGATCG;483,63
GACTCCTAAT;263,531,608,368,205,3,683,171
GGTGCGGCAT;281,554,205,227,211,448,242,511,461,529,420,120
CGGACTAAGT;335,335,544,335,595,8,4,195,60,388,671,441,305,478,114
GTCCAGGTTG;474,265,666,24,357,70,136,594,424,396,318,513,25,96,67,422,439
AATAGTGCCA;656
ATCACATCGA;616,408,558,594,687,143,32,27,415,448,519,360
TTTCGGATCG;526,538,279,204,487
CGTTTCATGA;416
TCGGCGTAGC;581,317,277,458,506,358,81,380,517,123,489,697,343
ATATGTGAGA;667,668
TATGTTCCTC;557
CAATCTAACG;326,220,636,371,522,596,608,185,503,681,94,467
CCGTCGGTTA;68,72,223,238,657,699,278,93,574,46,174,586,402,18,21,334
TTCAATCTGC;89,253,13
CTATCAACAA;207,166,378,422,450
ACCGTCATGA;427,526,412,651,582,479,211,660,174,665,193,191,146,277,680,502,585,657,170
CCGCCCTAAG;421,333,615,79,366,574,390,358
ACTGAGCTGG;170,566,50,223,397
TTATTTGTCT;612,183,46
AGCCGGGTAT;531,581
AGACAACTGG;4,290,311,128,691,157,179,439,368,51,211,333,301,495,222,13,397,1,354,97,190,358,209,345,366,443,340,336,652
CCGAGCCGTC;525,26,16,212,292,432,385,215
GAAGCGGACC;280,9,46,498,414,82,423,285,195,571,4,255,296,211,276
GCTAAAAGAC;181,234,518,341,150,475
CTCCACCTTC;608,486,337,508,108,450,560,362,52,534,678
GTCTAGTGTG;193,8,699,106,645
ATGGCCATCA;363,274,79,118,103,184,71,297,597,136,45,118,568,697,508,602,684
CACGGTATCT;351,188,547,255,664,280,625,344,570,115,92,383,167,209,587,408,682,242,664
GTAGGTGCGT;388,517,344,651,188,409,395,631,179,151,350,27
AGGACGGGAT;470,107,696,660,514,554,534,509
ATTAAACTAT;368,408
TAAGTTGATA;369,459,588
ATCAGACTGA;117,174
TCATGTATCG;350,198,580,202,61,504,414
CTCCCCTCAT;635,22,142,17
TGAGTGAGAA;69
GCGTTAACTA;543,306,268,198,650,316,436,25,214,603
CCCGATAGGA;414,56,228,676,296,16,464,96,242,475,238,550,84,655,483,635,321,546,77,175
ATGCTACTAT;341,583,410,81
AGTACATAGC;583,224,317,278,462
CTGGCCATCT;691,21,430,613,12,399
TAGTGGTATC;661,27,134,102,327,382,286
TAAAGTGGGG;387,223,118
TATGGACTTT;384,282,496
AAGGTCGTGC;181,162,235,607,302,305,683
CCCAAGCACG;686,465,523,501,96,221,24,85,392,129,265,637,156,121,67,648,556,241,170,693,642,269
GCCCACTTTA;238,343
GGCCGTAGTT;125,647,314,392,187,328,328,443,103,437
GGACGTAACT;389,633,458,177,36,387,124,548,565,694
CATAGGCAGT;531,35,79,397,276,690
GATAGACCAC;609,611,649,287,661,257,495
GGCGATCGAT;472,104,324,296,364,103,512,520,60,660,417,139,642,218,324,337,324,557
ATTAAGGCGG;316,14,77,403,357,52
GTACGGTTAT;29,647,438,402,296,662,219,298,9,23,433,387,13,474,678,236,493,435
TACATGTTAC;284
ATACCCTATT;515,482
TCAACCATAG;156,206,231,539,525,34,18,558,671
TTTGTCTGTC;67,12,416,629,479,376,275
GTCCTCGTTC;213,553,340,289,546
ACAAAGCGGA;127
ACCCGCGAGT;322
GAATTACTGG;584,430,249,421,17,612,421,342,414
TGGCCGAGAC;184,191,25,138,605,110
CGATGGCATT;236
TCCCGGCCAT;227,594,472,63,664,485,313
CCTAGCGCTT;425,391,423,188,681,249,546,30,436
TTACTCGACT;7,473,160,307,198,309,51,255,165,317
ATTCGATCGG;659
ATGCTGACAT;357,687
CTGTAGAAAT;252
GTAGCATGTA;392,471
ACCTGTCAGG;210,520,625,45,374,645
CGTGTCTATA;584,504,320
CTTGGTTCGG;72,336,686,617,604,198,362,145,93,435,388
TCTTCTACAC;94,53
TTCTAGAGCG;582,274,19,239,479,168,305,82,433,186,299
ACGATGGTGT;173,555,601,195,273,485,392,203,12,324,262,617,630
TGAGCTACCA;145,157,543,229,672,567
AGTGTGGAAA;270
GCCCGTCTTT;291,71,217,22,564,273,231,414
ACGCAGTTTG;426,73,627,227
AGGTGCCGAG;84
CCAGGCTAGG;512,610,325,333
AAGAACGGCG;138
AGGGTACCCG;95,80,576,609,439
ACCATATGTG;428
CTTAAATGTC;575,59,112
TCAAAGCTTC;699,507,265
GCACCCTGTC;131,205,403,353,230,142,416,463,52,28,99,342,222,587,566,573
TAGGTCTCCG;191,593,274,33,344,645,46,414,341,690,74,49,16,381
CTGTTGAGCG;19
TACCGATATC;501,546,48,669,516,625
GCAACCCCGG;72,349
GGTCTCTAAG;310,418,154,232,454,438,499,33,635,117,69,390,108
CGTTGTGTGT;173,569,434,486,188,78,4,364,32,450,314,118,588,436,158,86
TGCCCTGTAT;347,554,597,479
TGATAGGCGC;125,300
ACTCATTCCT;256,403,358,602
CGAGATCCTC;362,604,501
GACTGTTCTA;689,228,582,320
TAGCTTTTTC;258,340,409,621,345,358,257,178,164,416,648,617,472,234,691,567,504,232,435
AACCCACCAG;459,412,56
AGTTGTCCGT;474,648,230,357,411,273,587,74,137,508
ACGCCCGAAC;471,203,510,333
GTTGGAAGTG;432,508,387,659,334
GTCTGCAGGA;643,674,53
GCAGGCTTGT;328
GTAGAACAAG;685,441,265,500,638,354,429,439,147,303,457,661,428,440,607,120,384,20,448,164
TAGGAACACT;71,662,95,458,271,655,32,166
CTAAGTAGTG;415,194,273,466,503,85,556,517,13,359,426,277,490
AATCATCTTT;322,31,76,286,155,169,173,682,201
CGGTAGACCC;505,590,562,69,629,208,413,650
GGTAGTTAGA;533,597,47
GTGATATGAA;59
TCGACATATG;293,402
GCTAAAACTG;158,62
GATCCGTCGG;629,105,69,382,14,42,236,486
AAGTATCATT;409,256,258,193,37,514,585,120,310,422,289,276,185,671,501,204,246,171,486,640,89
CGGATGTCTA;648,307,135,210,308,129,534,530
AATGACCGCC;530,348,230
TTAATTGCAG;226,108,348,547,577,29
CCTTACACGA;136,80,651,210,449,613,165,580,555,156,645,509,469,474,349,64,412,436,110,464,379,644,267,97,138,117
TGCTGAAGTA;481,85,404,355,600,208,534,280,212,233,105,309,487,534,486
CTCACATCCG;225,99,33,134,390,371
GGCTCGCCGT;337
AGTTTAAAAC;92,296,271,83,263,247,699,209,540,65,661,491,381,207,163,173,382,630
CTATCGGGCA;87,268,173,501
CAAAAGTCTA;476,77,580
CGAGGATTAT;498,381,210,513,299,237,378,73,454,694,519,395
TCCCGTAGAA;186,297,166,423,264,51
TAGTAGTTGC;78,333
ACATTTTGCT;187,89,121,13,523,73,72,294,550,225,696,85
GGCGACTAAC;190,357,371,87,517,630
CCGCTTACAG;51,129,298,479,387,250,532,388,373,673,217,99,265,475,135,352,535,74,19,29,374,337,199
TTGAAATCCT;317,181,121,380,167,634,109,27,674,172,353,574,309,675,22
TATAGCTGTA;676,217,457,58,77,254,71,314,667,585,383,595,696,527,409,20,527,61,26
AATCAGGCGC;180,196,512,401,470,462,306,655
GGTTTTGAGT;287,203,39,582
GACGGCTGCA;92,375,343
TCCAATGAAT;580,394
TTCCGTTAAA;133,479,60,313,532
TTGCCGGACT;504
CAGGTGTAGA;227,174,162,128,454,122,364,427,249,300,573,490,225,157,280,286,130,422,370
GTAACCCTTA;262,94,480
AACATGTCTT;349,232
GTACTATCAT;380,35,3,261,566,368,122,546,87
CGAAAACCCT;41,539,365,380,633,550,234
CGGAACGCGC;676,406,43
CTTCACATAT;203,578,535,90,620,388,647,416,99
TTTCTGTCAT;233,655,264,386,132,237,335,644,396,489
CATGGCAGTA;383,94
CAAAATCAAT;18,572,352,3,200
ACTCCCGGTC;642,233
CGTAGTACAG;399
GGTCTTCTGA;310,531,19
ACCTGCGTGT;245,52,470
CCTACTGTCG;97,664,234
GGTCCTTAGG;55,121,370,144,94,360,211,526,419,657,428,46,620,171,457,500,486
ACTATTACGA;17,346,229,142,117,144
GCAACATTTT;215
AGTGAGGGCG;195,674,10,405,10,428
GGTGGTAACT;12,608,440,41,648,357,292,514
TGATCTCCAA;340,591,404,505,597,179,420,286
ACGACTCGCT;459,529,576
AACTCTATTC;461,693,269,370
CCTCCTCCCG;305,205
CATCACTCTC;620,118
TATGACCTTT;24,354,645,67,507,385,52,20
GGTGGACACA;340,600,135,633,505,698,604,292,50,404,618,45,520,622
AAAGAACACA;331
ACGACTCCCA;250,177,198,548
AATCTCTCGA;256,690,558,467,307
TGAGACTTGT;86,49,591,508,139
GAATGAGTGG;384,533,101,193,388
CACATACACC;415,626,386
CCAATGCCGT;317,592
GCCCCGTATC;575,500,40,292,641,217,260,682
CCACCGGCTC;599,511
TGAAGGGGGA;487,359,665,613,335,30,415,240,346,573
TATGGCGTGA;136
CGAAAATTGG;540,194,282,580,364,191
GATCCCCTTC;311,564,138,558,406,260,98,652
TGACTTCTCG;175,26,368,553,349,636,553
TTATTACGTT;339,527,226,444,242,154,32,262
GAGCTATACA;5,466,540,224,212,625,258
CCGTCGTATG;77,262,389,381,23,289,668,343,383
TCAACGATGG;352,128,29,680,291,564
GCTTGAATCA;169,49,134,527,685
GGATGATGCA;586,639,252,374,225,42,310,327,123,663,375,301,342,310,197,516,556
ACATAGGCGC;366,286
ATCGTTCACC;625,562,424,644,43
TGTCTCAAGA;164,76,267
ACAGGCGGTT;395,376,252,64,80
GAAAGGACTC;542,72,210,149,530,22,240,239,369,651,13,559,198,336
CCCGTTCGAC;467,576,417,515
CCTGACAAGG;460
ATATGCTCGA;502,258,263
TTCTATCAGT;624,312,405,614,128,2,247,129,97,614,239,549,281,598,545,471,154,216,479,478,143,522,86,229,404,639,505
TCAATGGGTT;459,473,446,176,694,253,162,515,613,540,347,120,54,182,265,690,149,166,615,177,373,52,183,70,308,524,49,278
CACTACTATC;525,334
TGCTCTGGTG;244,65
TGTCTGCGGT;671,345,351,627,561
GAAAAGGGAT;323,433,352,589
ACGTATTTAT;545,405,69,414,634,530,687,619,638,336,268,581,148,379,285,30,138,99,205,6,288,152,395,48,464,396,574,167,587,602,481,151,214,62
ACAGGCCACG;388,121
CACTGGTGTT;185,222,558,532,694,383,309,125,481,451,612,543,279
TAGCAGGTTC;381
GCGCTATGCC;311
GGGAGGATCG;550,577,609,91,457
AGGGCTGCGA;157,122,661
GGGATCGACG;556,488,158
GCTTTGTTGG;386,143,587
GGTGAGAGAT;122,498,548,538,398,445,572,327
GATTACCTCT;37,522,207,10,33,172,495,330
TTACAGGTAC;193,589,292,580,451,175,337,301,13
TACGGTTCGC;476,383,106,73,555,158,163,423,490
ATCACTGCAA;91,268,657,11,517,155,110,267,696,377,423
AGTAGACACG;232,618,225,252,422
CCCGCTATCG;699,566,324,468,286,499
CAGCCAAACC;6,356,16,87,414
ATACCCCATA;250,168,203,347,107,240,550,145,332,227,540
ATTAGGTCCT;365,608,316,529,127,520
AAAGATCCAA;589,221
AAACCTTCTC;335
AGTGCAGTTC;103,243,111,418,118,227,429,285,631,140,468,655
TTGCGATGAA;257,367,354
AAGCGCACTA;625,405,474,365,248,460,290,294,641,251,42,334,269,159,371,208,687,11,391
CTATAGGCAG;101,150,78,181,109
AGCGCGCGGA;530,694,113,147,13,58,213,7,681,110,555,104,616,30,585,631,66,63,468,70,691,465,422,225,644,219
TACAACTTCC;461,338,331,47,542,53,401,172,62,300,613,650,407,273,418,150,584,26,302,452,374,364,421,652,299,468,245,117,578,115,372,506
TTCCGCACGA;347,409,54,229,462
TAACTAGGAG;193,340,93,290,302,341,454,587,647,233,463,268
TTGGGGTATT;11
TCAGCAGGCA;472,111,86,487,679,598,670,357
ATGCTGGCAT;203
CACCTGGTTG;307,560,252,697,55,248,599,284,65,293
GAGACTAACC;6,250,444
CGTGAATGAT;178,681,172,229,115,686,579,594
GGTCTGTTAA;343,674,532,638,200,31,239,257,671,236,108,637,672
ATGTTCCATT;89,194
TAGCAGGCTT;662,152,111,393,380,208,424,138,493
TTTGGGCCAA;665,527,321,494,89,445,400,135,425,79,25,325,226,588,283,255
GGCGTATAAC;640
CTAACAGTTC;594,562,665,624,394,77,33,111,89,392,107,249,189
AGACGTGGCT;301,20,662,23,634,120,408,166,348,272,268,115,216,574,672,506,548,341,552,16,352,165,131
CTTCCATGCT;167,161,292,625,184,637,388,229
AGCGAACGGA;398,683
ATGCCTCGGG;227,547,663,457,110,476,294,605,618,486,12,352,48,675,392,632,599,648,533,77,239,26,257,276,275,111,88,576
CTAATGCTGT;186,606,22,654,696,421
GAGTGCTAAT;289,691,159,424,80,382,173,85,622,244,102,37,575
CATTTGGGCA;390,600
CAACGTAGTT;515,698,133,482,74
GTGTAGCACA;690
ATGATGTGAC;634,92,383,286,668,192,247,84,74
GGCCCCGTAA;462,698,201,14,262,585,190,526,613,210,388,647,670,614,206,492,429,50,606,363,295,308,614,595,330,139,452,74,18,374,340,399,692,90,318
CGCTCTATAT;36,513,612,423,568,133,170,53,311,33,367,482,582,146,104
TATCCTAGCT;198,463,490,486
CGAGCTGAGC;499,319,619,519,298,342,190,358,368,302,44
TCGGTGCGAT;285,191,520,428,544,365,302,30,516,100,459,3,452,314,237,491,564,536,507,196,222
ACGCGCACAT;688,63,602,242,33,438,674,495,264,349,685
TTCAGAGGCT;254
CAACACTCTG;73,39,313,667,448,366,315,127,346,470,310
TCAAGCCCAG;477,521,40,592,337
AATAGTTGCT;586,628,228,63,237,20,374,20
TTTGCCATAC;250,268,153,439,502,659,570,498,295,217
ACAATGACCA;161,79,348,588
TGATCGAGAG;364
CTTACGCTGG;113,257,461,109,179,146,688,133,210
TTCAGCGCGG;460,486,560,462,113,201,366
AACTAAAACG;519
CGGGGCAGCG;324,397,9
TGGTGGAGAT;190,604,221,327,594,347,419
CTCTCTCTAC;288,683,586,559,661,242,161,89
GTCCTCTCCG;687,565,447,653
GGCAATTCTA;464,18,260,19,56,591,59,335,536,544,56,183,154,668,503,566,419,23,1,320,183,653
AGGACGGGAA;381,445,683,116,603,137,6,254,326,1,279,494,378,252,342
TTATGAGTGA;589,247,519
CCTGTAGACA;232,356,220,227,553,135,640
CTATCGCCAC;510
AGCTCACGAG;160,202,318
CCGCCCCTCT;411,412
TAGGTTGGAG;257,277,441,86
CTTGAGCACG;375,560
GCTATTCCGG;204,591,397,107,255,156,494,298,43,396
GCAGTTATGC;245,295,306,637,377,555
GATCCACAAG;522,90,328,20,293
ACTATGCAAC;194,490,191,44,118
CCGTTTGCTT;305,501,318,632
GTACGCGGAC;494,563,22,182,58,109,223,324,195,347,382
GCCCCTCAAG;264
TGATGAGTCG;337,107,427,275,204,296,0,41,572,305,430,61
CGAAACCTTC;115,629,446
GCTATAGCCT;162,252,117,410,496,445,179,684,585,447,77,53,99,625,8
TGTTGCGATG;71,385,158,422,215,554,268,586,235,484
AGATGCGGAC;274,539,43,50,87,185,683
TGTTTGGCAG;596
ACACACACGT;597,483
AGTTTCTGCA;436,452
GGACAGAACG;326
AGGAATAAGA;115,478,272,525,393,108,334,174,594
TTCGGTAGTC;261,130
ATGTGTCTCT;421,359,167,341,350,541,434,311,130
TTTTGCTTTG;550
TATGGAGCAA;275,345,550,322,673,294,262
TGACAGAGTG;305,405,677,627,493,421,86,354,606,609,270,530,419,159,62
AAGCAAGCGT;253
GACGCAGCAC;314,47,352
CCCGATCATG;631,694,218,240,392,597,286,164,244,528,75,652,310,124,690,302,530,643,204,460,346,132,134,39,401,292,315,458
CATCGGGCAA;457,101,599
ATGTAACTCC;150,637
AAATCACGCA;57,420,147,484,607,661
TATAACGGGT;587,378,318,190,111,643,327,574,381,576,589,183,105,125
TGCGTGTATC;417,388,277
CGGGGTTCCG;330,143
ACTGCTTAAC;688,624,645,676,493,607,492,525,314,567,195,175,246,285
GTAATTTCGA;658
TCTACTACCT;261,177,347,155,427,441,113,502,277,469,43,540,541,571,421,12,110,319,461,601,356,245,327,218,71,515,598,520,266,486
TCTAGGGTTT;526,276,611
CAACCTTCTC;201,194,376,615,175,651,530,465
ACCGATCCTT;519,694,312
CGAAACCTAT;73,47,556,484,63
CTCCGCGCTA;74,280,578,312
TAAAATTGCG;295,54
AATTAATTTT;565,287,556
TATGGTTGCG;65,496,658,270,48,646,336,450,436
GGTGTTGAAG;314,673
TCGGAGGTGG;185,689,443,530,349
AGTAGCGAGG;213,72,497,98,70,696,497,230,249,691,632,595,462,472,443,183,647,336,637,360,596,478
CTGAGCACCG;120,488,451,383,94,31,160,439,422,531,217,61,14,67,131,238
CAAGAGCCGG;69,252,248,294,653,480,290,161
TCGCCCAGCC;278,414,345,458,651,201,583
CGTTTTCGTC;652
CTATCCGGAT;313,59
GTACGGACGA;187,34,410,570,318,371,643,141,361,261,527,570,577,430,370,337,667,88,116,189,132,116,385,60,71,212,227,525
TCCGTACTCG;623,405,589,689,103,143,451,359,231,123,421,674,320
GTAATCTTTT;328,645,371,381,610,691,390,124,0,112
CGTCATCGAG;119,82,293,125,517,1
ATATACCCTT;104,273,113,12,623,106,303,11,403,213,656,183,148,85,534,283,246,508,62,451,572,624,628
GTACTACACA;619,579,355,376,285,651,237,521,41,620,201,515,160,70,384,683,656,138,147,368,415,671,8
AATATTCCCA;269
CCCGCTACCT;94,577,500,416
ATCAGTAGCA;455,150,98,395,517,154,134,203,403,609
TCGTAAATGG;269
TTACAATAGT;462
CGTTAATTGT;374,197,61,253,668,361
AAATCGAGGC;42,325
AATGAGTCAA;396,235,49,199,424,512,422,11,677
GTCCCGTACC;666,629,388,417,344,558,536,627,213,381,116,691,659,40,264,41,343,486
TAATCGGATT;475,304,495,46
AGCTAGACTT;341
AGTGTTAGTT;223,343
GTAAGACAGT;103,656,107
CTCACAGGAG;650,427,159
GGGAGGTTGA;508,532,515,261,4,41,539,417,125,670,393
AAGCACCGCT;647,302,629,224,87,602,131,262,556,44
CGAATACACA;506,137,291,5,348,128,509
AGTGTGCAGG;463,28,185,339,57,486,556,109,534,233,56,600,228,178,100,698,525,471,166,89,380,11,209,688,326,344,294,612,69,570
ATCGAAGCCT;662,130,541,525,148,296,250,94,96
CGTACGCTGG;12,14,323,81,403
GCTGCATTTG;562,20,22
TGATTATCGG;190,618,510,137,126,225,2,26,56
GATTCCTCTG;543,13,140,570,444,443,66,583,573,119,599,540,672,300,76,233,545,588
TTCATACACT;33,607,468,519,440,621,699,201
ACACAGTACG;95,63,204,661,334,588,225,136,24,230,45
GACGGCATTG;363,561,479,418
TCAAAAGTGC;549,152,164,188
GCAGAGGTGA;565,589,573,332,166,106,698,91,232,283,674,445,479,629
TCGTATTGAG;158,102,614
GGACGTGAGG;93,15,678,240,407,274
GAGTCGCACC;667,187
GATGTGGGGA;142,460,163,193,367,485,331
AACAAGTCAG;76,243,658,573,598,156
CGACATAGAT;268,482,354
GGGGCACGAT;168
CCACGTTTGT;664,251,502,624,213,81
GTGAAGGCGA;475,228,108,130,89,170,528,386,681
GCAGTAATTC;663,303,394,46,448
GTAAGGCCTG;642,244,691,190,227,521,517,421,594,279,442,409,428,52
ACGTATGTGA;63
GTATGTATGT;503,41,217,222,653,497,482,559,645,596,114,565,193,627,670,642,98,678,251,94,141
CAGATACTAA;327,258,162,558,377,116,428,260,293,636
GGGTCTTCAA;360,661,678,191,634,110,326,292
CTAGAGAACA;14,139,549,401,343,105,373,667,580,659,63,403
ATTGAACGAT;664,691,194,482
ACAGGGGGGT;107,396
ATATTGACAA;33,674,348,351,159,62,55,248,334,131,305,599,364,605,224
CTGCCGGTGA;209,608,352,183,353,225,242
GGAATTCTAC;348,239,685,497,182,0,476,86,289,645,118,113,431,652,584,234,334,330,26,679
GACGGGTTAC;508,275,163,377,261,577,539
TCTATAGCAA;300,57,276,696
ACACCGATAA;673
ATGCTGCTTA;422,137,461,152,487
TTGTGTAGCG;565,453,418,647,601,455,383,655,601,634,386,222,386,40
AGTTAACCGG;234,373,165
GGGGAAATGT;683,52
GCAAGTGGAA;311,360
ATCGGCCCCA;521
CTAAGCGCTC;323,627,337,583,76,446
AATCGTTCGT;489,288,530,438,115,139,659,245,480
TTGTTCGTTC;617,267,16,605
TTCGTCGAGC;650,316,196,512,599,259,619,32,688,590,548,528,284,265,560,4,160,493,478
AGTAAGCTCT;104,140,370,157,352
ATGTAGTTTA;553,685,634,387,651,132,169
TTCCCCGCCA;573,244,530,660,524,419,134,238,310,113
TTTCAATAAA;358,557,136,543,198,53,249,195,99,435,523,362,630,559,111,82,220
ACAGAGCGAG;579,176,356
GCTGTGCTGG;113,383,11,138,437,604,417,106,228,409,695,347,604,137,680,635,22
TTTCACACCT;48,670,588,70
CGACATCCAT;202,215,480
GCCAGCCCGA;167,407,18,429,247,259,250,296
ACCATCTAGG;595,513,204,130,71,589
CGTTAGACGC;184,456,450,384,264,464,335,572,247,632,173,221,670,447,269,399,332,571,659,653,368,278,158,497,367,337,674,444,399,24
AGCCATTTCG;463,315,467,20
GGCTCGTCAG;137
TAGGCGCACG;304,590,444,403,513,436,276,658,80,309,129,538,136,447,303,446,12,428,172,546,447,427,519,253,400,116,299,509,436,289,415,32,246,13,444,552,643
CGGTTCTGTG;395,564,490,518,365
TATCATCGCA;420,647,142,143,409,6,137,630,505,692,26,95,611,577
ATTGAGCCTG;415,290,87,479,414,567,543,73,73,54,579,246
GTTTTTGAGT;493,440,537,495
GATACCATTT;140,193,236,658,363,79,220
TCCCATCGCT;526,620,699,111,236,353,279,623,646
TCCGTACGTG;380,121,449,631,159,247,158,584,153,616,358,192,592,448,478,522,16,87,643,398,248,5
CGTACGAGGC;489,229,290,254,691,220,562,75
CCCTGCAGCG;234,591
TATCGTCTTA;425,638,19,528,419,684
TATCCCGCGA;90,332,39,320,388,450,414,107,397,359,250,483,220,587,490
GAGTCGGAGC;0,44,336
TAGGCTATAC;147,252
AAAATACAAA;532,518,480,650,611,455,115
CTAATGGCCT;459,432,141,481
GGTGTACGCA;23,464
CTACCTCTAC;611,350,577,610,318,227,655,326,506
ACTGAAATCG;237
ACCTTTGCTT;188,27,535,432,66,448,122,319,7,57
CTGCGAATAT;173,238,136,562,583,593,343,611,393,444
CAGATACATC;523,306,579,4,112,369,590,114
TATAAGCAGA;20,663
GTCGCGCGTA;353,561,55,381,144,482
TTTCCGGATC;263
TGGACCCTAT;30,505,651,498,66,56,368
GGGTACTATC;159,251,398,503,537,159,99,14,297,397,205,692,448,331,559,335,185,40
CAACGTACAC;153,176,474,378,83,486,481,301
TTCGTCGTGG;347,367,258,654,672,224,513,511
CCGATGCCTC;468,614,241,223,131,363,43,17
CCCTTCGCCG;661,423,85,5,287,137
CAGCTTACTT;362,84,112,525,540,153,69,269,216,85
GAACCTTCCA;80,652,170,466,231
GAATAGAGGC;431,252
CTACCTATTG;364,334,525,560,438,492,463,675,670,342,256,697,673,167,69,112,544,498,259,503,682,207,32,474,211
CAGCCTGTCT;443,124,505,225
GGTAGCTCAA;293,476,159
ATGATTCTGC;268,171,398,232,246
AGTTAGGCGT;88,576,269,616,497,137,208,646,556,204,304
CGTGATGGAA;471,280,697,102
CGCCCCGAAG;690,630,53,11,556,682,82,350,528,499,699,552,532,278,173,201,125,434,35,647,109,252,532,47
CTAGAGGAGC;637,302,522,269,691,119
ACTCGTTCAG;245,634,387
AGAGATGGAG;229,571,171,132,203,647,656,628,526,691,489,291,565,249
CACGCAGCAC;410
ATAGAAAACT;303,456,553,626,210,138,640
TCGCCGTAAT;278,545,163,266,240,474,393,303,437,297
GAATGATCCT;411,486,114,26
CCGGGCAATC;203,121,222,512,475
CTTAATGTAC;547,373,445,698,538,343,130,638,261,548,473,42,405,56,382,653
TGAAAATTAA;189,571,260,607,65,483,429,566,281,23,112,648,58
CGGATTACAG;404
CGCGTCCAGA;113,316,245,684,565,336,491
CACTGAAGCA;415,490,333,507,581,43,43,20,56,410,274,86,336,674,34
ATTTAGTTTA;639,442,187,196,145,642,291
GCTCGATTTT;212,272,52,223,256,319,247,615,374,222,589,531,635,456,249,521
GGGGGGGGGT;685,512,41
GTCCTGGGTT;276,656
CATGCCTGGT;571,332,653,158,346,691,554,348,438,347,304,187,116,35
TCGGCGTTGC;168,377,139,291
ATTAACACGA;167,183,144,206,541,533,244
TCTTTCCATG;462,591
GACCAAGCGA;182,651,154,83
CACCCCAGCC;621,63,117,106,505,627
CTAAAGCCTA;400,451,522
AGTCTCTCCA;239,666,552,568
TCGTCACCGC;320,350
GACGGGCAAA;386,566,243,546
ACAATATCAT;88,669,177,378,335,401,397,80,186,341,22,688,593,15,573,396,93,244,43,670
AATGCACAAT;295,464,422,391,332,404,411,162
GGTTGACCAC;69,270,120,622,310
ATCCGTTTAC;699,462,697,516,434,629,448,325,515,288,150,611,155
GCGATCACTT;161
TTCGTTTGAA;285,547,442,224,28,324,57,269,154,377,17,636,650,294,118
AAAACCTCAG;659,291,428,672,465,44,643,316,612,331,517,679,205
GTACTTCCAC;532
CTATGGGTGA;652,479,691,434,431,198,426,324,165
GGAGCCGGAA;83,195,310,524,685,474,391,141,164,391,483,175,157,98,101
TTGGGTCGAC;577,523,560,688,419,71
TACATCTTGC;449
TCTGTAGAGA;139
CGTTCCAGCA;330,645,13,657,393,280,466,535,264,618,34,331,636,435,126
TAATTGAAAC;180,672,186,656,66,694,443,643,540,14,39,383,455
CAACGTAAGG;441,17,240,632,26,564,323,551,74,115
CCCTTAGACA;398,433,54,525
CTTCGGAGCG;403,560,411,439,322,136
CCTTTTGAAT;187,415,152,54
TGCATGTCGC;446
CAATCAGAGA;617,651,27,543,528,179,231,637,500,441,291,375,183,590
ACCGTATCGG;286,578
GGAGACCCAG;177,381,251,181,332,391,304,304,273,461,192,605,195
CCTTGTTAAA;557,448,604,115,217,460,177,519,615,14,604,162
ATTTGACCTG;537,590,605,176,520,452,587,675,632
ACTCCCGAAC;496,34,146,145,61,349,687,623,198,565,348,350,315,361
GTAGAGCCGT;439,196
AACGTACTCA;330
ATAGATCGCC;621,243,14,288,406,565,633,555,126,318,351
TTCGAGAAGC;119,255,92,421,249
AACATACTGT;454,46,452,586,647,314,386,404,414
ACTATCGCCG;50,616,126,386,175,669,44,102,344,94,445,107,680,561,484
TTGGCTGCCC;225,191,589,197,384
TGATAATGAT;613,27,193,602,530,240,99,180,559,96,296,473,211,220
CAGATCACCT;144,300,103,419,482,276,415,408,647,452,30,409,320
CCGCCTTACT;661,387,461
GTCCATTACA;94,568
ATTCAAAATT;179,245,531
CGGCCGCCAA;244,571
ATCGGTTACC;504,628,89,668,625,287,52,87,114,439
CCACGAAGTG;308
CTCAAGGAGC;436,202
GCAACAGAGG;560,294,154,415,386,54,294,554,457
TCGCGTGTAC;117,282,630,97
GCGCGACACG;516,547,485,235,573
GCTTCCTGCT;275,358,271,549,626,525,59,175,134,357,307,584,464,469,19,78,124,575,61,179,464,95,681,191
CTTGAGGACG;285,685,693,489,422,230,227,591,291,55,259,48,420,104,651,678,184,400,291,240
CTTTCCTTTG;370
CCCCTCAACC;183
GGGAGCAATA;207,525,648,82,586
GGCGCCGGTA;573,434,454,537,510,257,358,221,38,591,624,427,315,566,693,6,33,386,643,176,168,440,136,96,513
TGACACCACT;501
CCACGATGCT;482,171,205,659,472
CGGTTGACAT;593,449
TCTAACCGGT;400,151,588,547
TGATAGCTTA;309,2,649
GGTAGTCTGG;338,418,386
CAGAAGTGTG;552,341,71,9,282,390,611,276
TTAAACGGTA;503,507
AGTGTAAGAC;272,294,129,372
CAATCAATGC;3,142
CGTGGCAGTT;498,142,320,138,317,38,143,385
TTTGATGTAC;53,231,2,295,268,259,573,58,600,489,492,190,627,679,279,616,654,483,266,521,318,421
CACCGTGCAG;218,463,292
TCCCGAGCCG;687,298,289,330,548,123,44,254,148,469,668,698,181,137,678,402,525,379
AGTAAGCCTT;243,156
ATGATGGGTC;697,241,12,111,3,406,415,109,64,180
CGGAAAGAAA;36,457
ACAGTCACGA;136,434,418,362,342,301,429,177,649,376,698,509,620,500,490,181,629,286,300,474,591,69,439,371
GCTTCCGTGG;644,266,137,333,86,135,263,447,246,334
GCATCAGCGG;202,349,552,180
TATTACTTGT;362,366,160,105,557,658,104,93
TTAAAACCTG;204,434,41,552
AAAAATCAGT;377,324,607
CCGGCCAAGC;223,359,68,642,256,423,170,538,318,696,654,91,14,464,678,593,200,523,572,250,374,458,25,688
TTGTGATTAG;84,45,102
CAGGTTGCTA;658,551,296,469,405,587,340,134,286,320
CCGCAGTGTC;536,280,305,139,613,154,358,445,608,92,168,565,456,61,288,261
GTGAGGGCCG;222,0,678,381,28,151,668,337,175,472,228,477,108,308
AAGTCATTGG;372,475
AGCCCGTCAT;406
TGACTGAATG;4
ACTGTAGACA;177,361,582
CTGGAAGCCT;15,103,44
TAAATACGCG;4
GACGTGGACC;466,344,560,79,526,346,110,244,129
CTAGAGCCAT;580,313,244,566,634,370,590,365,148,131
TACAAGCAGC;145,557,118,150,523,283,403
GCGCTTGATT;257,183,640,324,656,308
TCATACGGCG;244,194
GCTGTATGGG;239,276,474,165,288,183,440,452,164,427,371
GGAACTAATC;340,542,447,544,512,591,415,340,188,7,421,465,556,332,63
TTGTAGACTC;508,125
GGGACGTCCA;326,162
GCTGCTGTTC;228,584,345
TCACGTCCCA;422,502,309,119,454,63,248,25,186,660,695,572,239,471
TCTGGCGCTA;632,569,219,253
TTTCATTTAG;209
GTGCCGCGAA;561,385,154,312,94
CCTATTTTGC;693,628,618,589,110,623
GCGGACGTAA;110
GAACCAACCT;210,614,552,37,5,481,170,98,164,284,614,489,95,181,430,222,559,103,487,261,303,580,46,5,470,522,460,387,307,536
GAGAATGCCT;378,395,408,47,563,524,654
TCGCGGCTCA;584,502,164,3,619,291
TAAGGGCTCC;690,317,671,473,321,6,195,57,386,291,620,501,352
CGAGGTATTG;471,259,364,95,534,251,576,508,231,391,438,5,12,607,442,696,443,208,402,494,195,442
CCGCCAAAGT;173
GGACCAGAAC;117,447,675,634,520,432,80,428,467,25,487,487,234,441,113
CTATTACCAA;176,116,447,480
GTAGTATCCA;650,196,389,595,402,22,60
AAGGCGCGCT;178,169,108,109,304,381,423,674,502,602,160,625,96
TCTGCGCACC;449,85,8
AGGGAGTTTA;169,215,378,103,124,373,412,405,487,566,109,449,57,369,645,199,169
ACTAAATGCG;284,165,125,204,544,42,25,316,642,519,411,71,37,294,186,348
GAAAGTGTAG;17,264,280,131,149,508,404,556,699,359,207,320,61,44,66,543,610,419,178
GTGTCGGTTT;224,418
TCCCCCTAAG;461,294
GTCCTTCGGA;516,167
CATTCAAGTG;450,49,307,283,207,600,613
TCTCGATCGC;45,156,259,199,134,0,621,114,509
GTGAGCGGAT;664
AGAGAGATAT;160,571,477,258,320,379,129,8,202,481,166,327,629,275
TGTGGCGAGA;142,86,197,554
GTTGAGAAAA;113,199,260,229,191,412,61,512
TTAGGCGGGG;663,334,691,440,68,611
CTTTTTAGTT;250,139,164
AGGCCCTAGG;639
GCCATCCGAG;453,392,146,451
TACCCCCTCC;16,350,587,392
TATGTGGGTA;96,670
CTCCACCGCC;619,548,311
ATAACTCACA;384,348,432,259,66,269,535,342,47
AGACTAGGAC;662
ATTTCCAACT;249,29,678,231
TTATGGCCTT;562,549,504,81,136,516,316,511,462,49,387,689,471,89,413,252,397,465,153,256,645,22,248,395,637
GGGGACTACC;92,132,530,184,185,168,50
GAGAGCCTAC;400,574,305
ATACGCCAGG;144,696,614,691,668,9,636,635,21,409,393,152,377,108,384,357,667,30,494,151,565
AGTGAGCACT;422,365,252
ACTACCAGCG;104,277,245,477,449,543,320,493,82
GTCCATCACA;13,152,662,252,378
AGGGCATCCT;249,106,441,202,630,187,545,130,252,306,129,304
GAGACAAGGG;208,321,384,691,535,172
AGTTCAAGGA;260,622,653,391,142,62,328,558,150,683,374
GGTACTCAGC;294
ACTGTCCGCT;56,258,477,144,429,354
GATCCGTCCG;689,13,694,111,3
TTGCTCGAGA;590,371
CCAGAGAAAC;550,202,479,478,289
GTCGATGCCG;630,122
GTCAAAGGTC;283
CCTAACTTAG;269
AGAACCACTA;494,23,508,507,409,514,51,412,698,298,545,204,220
CGCCTGTGTA;453,120,455,431,465,147,39,180,50,543,603,417,472,306,54
ACAAGCTGGC;380,25,199
CCCACCCTCG;12,99,251,220,697,43
CGCCGCAGTC;641,385,358,513,386,568,614,427,673,620,64,57,28,223,312,425
TCCGGCCCCG;63,283,476,611,461,302,115,223
AGCTATGATT;614,540,487,80,30,81,367,554,658,571,619,651
TGTCCCTGGA;224,360,514,190,97,650
GGCTGAAGGG;466,388,462,535,399,271,518,36,158,280,182,225,202,554,47,386,432
ACGCTGCACA;19,351,382,329
ATGGGGGCGC;99,519,224,421,597,589,583,623,399,279,96
CCAGTTCATC;302,49,192
ATTCTTCCCC;569,52,68,423,494,481,341,21
CGTGGGTACG;562
GGTGACTGGA;589,174,493,244,616,601
GAGCAGGATG;345,696
GCTGATGCAG;482,181
GCGAGTGTCG;636,659,117,465,3,408,386
ATACATATCC;77
CGAGTCCCTA;601
CCTCATTAGT;71,610,634,157,335,508,84,621,413,485
AGAAAAAATA;342,690,592,594,593
CTTAGGTTAA;695,661,623,363,487,559,516,539,693,674,265,460,443
TCGTGTTGGC;617,148
ACGAACGTTG;227,165,0,688,120,438,238,144,474,472,280,2,172,173,348,514
CTTTAGATAG;263,40
CCCGGAAAGT;33
TTATCCCCTA;502,631,191,591,79,189,1
CGTCATCCGT;150,338,135,173,54
GAACTGTAAT;34,605,404,594
GCCGCCATAG;644,529,63,490,512,466,353
TCTCCGATAC;6,197,44
AACAACCTCA;668,624,268,552,226,59,383,90,31,660,149,253,352,648,139,592,11,262,654,540,188,311,420
TCATTGAGCA;236,410,129
CCACGGTTCT;500,463,459
CATGGTAGGC;103,613
AATATGCGAT;470,73,647
GACTAGATCG;40
CCTATAATTA;251
TCTGCTCGGT;594,615,406,83
TCTAAGCTTG;511,447,393,431,426,208,685,207,464,329,488,513,402,309,74,120,302,14,282,22,11,65,6,487
TCGGAAATGA;73,670,15,689,135,674
AATCTTGGGC;393,153,238,437,390,109,581,264
GGGATCCCTT;583,211,484,316,364,302,648,334,7,65,41,583,207,557,366,653
GACGGCCTAT;505,518,340,404,385,509
TCGTAATCTT;42,669
AGCCCGCACT;461,320,50,324,106,215,260,313,255,520,426,614,429,42,501,390
GAGAATTAAT;347,313,130,177,447
GAGGACGTTC;250
TGGCTTACGC;2,313,356,673,300
GGAGCGTAGC;105,411,5,582
TCGGGCTTCT;590,301,468,430,514,180,551,236,520
CTAAGCTTAG;652
GGGGATGAAT;424,275,533,587,265,308,53,550,504,528,521,212,663,180,466,71,606,324
CCTTTTCGGG;75,39,365,662,416,344,337,14,124,589,256,509,201,499
ACTGTCCACG;158,91,526,283
GGCGGCTGGC;531,432,409,176,241
GTCGTAGGGC;692,376,637
CGGACCACCG;441,58,222,408,194,164,92,581,131,355,289
AGCTAGCCGG;274,100,694,20,559,113
CGGCCGCCTA;292,208
TAGCTAGAAC;429,405,224,306,529,419,652,601,534,217,464,498,624
TAAAGTTGCC;211,678,488,459,587,174,175,517,87,377,608,656,323
AACGGGCTAT;541,389
GATTAATAGT;228,1
TGTACCATAC;675,218,375,523,152,294,561,237,29
CTAAGCGTCT;104,258,170,609,346,43,56
ATACCTACAC;167,279
AATTGCCCCT;559,537,556,604,567,669,238,344,186,579,533,237,558,552
TTTTTGCGTA;59,175,428
TACTGAGAGA;536,189,7,567,691,309,204,75,210,201,614,236,139
CCGCGCGGGC;99
AACAAAGCCT;408,647,613,149,148,43,82
CGGAATTCAC;545,479
TGAAAGTGAA;298,632,10,674,531,424,527,246,121,536,237,307,251,487,654,317,104,389,291,484,33,31
CCCGTATGCT;609,256,91,697,116,269,684,429,543,152
AAGGCCCTTT;658,7,615,194,2,359
TCAAACGGCA;512,219,172
ATGGGGCTAG;250,151,574,593,277,675
CCGACTGATT;261,540,217,32,566,309,390,417,94,334,98,599,355,249,434,65,511,213,665,100,618,36,211,583
TCTAGGGAGA;644,87,247,31,370
GGTTGGGTGA;114,401,525,210,592,367,302,363
ACCCTGCCGG;426,274,109,414,622
GACATACGTA;200,503,204,642
TGGAATTAGA;353,143,402
TAGCGGGCAG;9,162,565,434,32,37,366,122,514,282,683,389,72,1,345,614,201,597,252,22
GGACACAACA;584
CGGACAGGAT;491,7
ACCGGAGGAG;164,245,592,392,57,300,7,674,198,365,160,91,442,262,659,470,437,233
GTGCATCTAT;641,403,423,682,64,183
GCCTTTCGAC;254,296,639,50,581,398,505,687,551,242,267,304,142,554,256,188
ATATACCAAG;337,376,606
GGAGAGTTTT;562,475,423,20,4,623
ATAACGATAG;291,185,214,608,97,436,253,593,468,444,143,127
TCTGTTATCC;104,389,612
TTGCGGCTCG;313,255,609,61,109,27,412
CTCGCCTGTT;471
TTTCTATCAG;489,233,537
TCTCGTCCCC;652,677,644,445
ATAAACACTA;641
AGATGCCCTT;576,399,681,505,97,441,63,269
AGCTGATTTA;178,7,199,46
GTTCTGCCCT;599,356,651,619,430,163,7,542,10
CATGCCCACC;146
AATCCGCAGC;426,553
CGGTGCAACA;556
GATTAATACG;521
CTGGAACCTG;311,134,16,583,696,127,346,358,633,237
ACAGGGAGGT;90
TTGTTTTACA;411,510,203,241,310,132,84,210,312
GCCACGACAT;342,602,552,247,607,516,655,320,77,488,541,192,668,589,156,664,507,105,25,408
CGATTCCACC;375,295,200,503,232,75,585
CACTATGCTT;491,565,293,319,519,498,467
CCGCCCATTG;472,267,164,518,354,207,659,224,362,60
CCCCAAGGCT;162,147
ACTCGCTAGT;447,157,244,491
CCCTTGATCA;690,515,559,446,284,152,121,594
TTGAAGAAAC;193,323,220,19
TCATACTTCT;49,397,416,546,635,452,90,273,692,291,361,197,582,159,668,335,583,506,598,699,506
GGGCGTATTA;577,80,237,392,515,598,239,530,427,540
CTACGACACA;699,427,513,560,42,628,492,663,140,115,66,692
TAGACCCGCG;631,392,691,209,423
GGGGTGTCAC;471,56,118,359,369,108
TACGAAGCGT;196,633,311,294,543
TTCGGTTTGT;381,53,61,674
CGCCACGCGT;527,284,101,83,13,543,72,528,190,115,303,344
CCGTCTTAAT;493,698,521,143,283,64,311,611,55,298
GTCAGACTCC;672,618
GTTTCGTTAG;150,46
GTCAAGCGGC;235,99,63,695
AGTATCGGAT;351,656,222,179,581,177
AAGAAGCAAC;242
CTATATCAGA;312,465,683
CTGATTAACC;341,156,128,81,413,311
AATTTAGCAG;463,217,596,43,632,341,422,358,575,28
CGACGAACGA;227,590,400,244,671,600,207,200,611,83
TTGCATTTAG;315
ATTCGGGAGA;609,696,532
CATTTTTATT;256,311
GCGAGATATA;189,129,150,335
TATGGGCTAG;648,373,103,401
GCAAGCCACT;385,176,696,354,451,12
AATCTTATCC;2,524,549,228,242,110,584,596
ACGAGTCCCT;588,291,692,324,669,322
AGCGAATTCC;403,161,377,402
CCTTCCTGGT;303,296,489
AAAGAGCCTG;644
CGTCGTTGAC;244,366
GTGCTGAGGC;374,46,239
AAGCGTTTTG;526,601,312,102,693,135,428,21,132,647,373,424,517,61,53
TACTTATAAT;369,559,25,89,228,290,445,458,185,597
TAGAGGTTTC;441,401
GTATAGTTCA;63,403
AGGTACTTGT;103,21,143,312,397,44,681,625,399,340,643,291
TCCGCAGAAA;433,335
AGTTCGGCAC;475,415,499,87
TCAGAACGCT;581,409
ATGCTGCCGG;636,302
CCCGCTATCG;211,151,13,99,69,440,379,448,208,656,542,70,239,153,384,192,287,237,653,45,153,139,60,104,320,308,102,67,688,111,644,474
AAGTACCCCA;681,156,696,233,233,97,507,458,542,658
TCATCACCGT;317,460,620,532,182
GACTCAGTAG;253,360,670,488,33,611,70,620,643,191,231
GTTCGCGTTA;526,687
ATGAGTCGCC;454,38
ATCTAAACCG;675,591,625,489,377,127,296,530,46,289,641
TAATGTTCAT;437,157,691,388
CATCGAAGCC;616,300,477,435,24
ATCCAACTGA;130,623
AATACCACCA;679,652
TCTGTGCATC;156,264
GACCTAAACG;399,425,318,13,173,139,22,454,323,58,293,101
GGAACTGCTA;423
TGAGTCTAGT;575,420,379,608,604,590,88
CGGCGTTGGT;549,605,202,241,409,462,397,375
ACCCTGACCC;109,99
GAAGAAGTGC;244
CGAACACGAG;399,231,156,283,17,249,52,651,73,211,679,574,86,122,225,576,297
TGCTTCGGTC;127,370,238,672,673,404
CTCGAGACAG;299,171,122,366,634
ACATCTTTAT;686,552,648,348,494,381,581,629,285,473,598,240,164,287,393
GTAACTCGAC;653,446,86,209,252,533,425,659,324,6
GATAAGAGTA;490,392,172
CACTTGGACT;614,543,365,610
TTGATCCGGC;115,613,359,681,564,678
TGCCTGGCGG;507
CCAGCATCAG;521,37,656,609,171,357,360,365,335,31,409,601,220
AACTGATGTT;640,74,76
TCCGCCCGCC;589,4,78,473,113,329
TATTCTAGCT;437,557,208
GCCGTTCGTC;283
CACTGTCCCT;445,656,678,630,380,670
CTCCTCGGTT;315,160,351,559,272,109,674,344,331,116,306,356,620,383,136,448,191,343,48,686,583
AATGATCGGA;140,494,306,561,356,343,414,555
TGTCTGCCCC;130,503,358,403,250
CAGTAGCGGG;520,23,236,672
TAGGTCTTTC;378,429,232,210,131,74,65,44,524,112,520,285,185,282,212,214,90
AAACCTGCCG;411,101,285
