AAAGGCGAGT;696,44,848,828
TACCCGGTAG;761,148
ATTATCCGAC;174
CTTCTCTTTA;305,84,370,282,393,868,13,264,484,27,414
GTCACGTAAT;878
TGTATTAGTT;515
TAAACAATCG;375
GTGCCAGCCG;631,294,419,564,449,55,751
CTATCATCTA;657,289,794
CAATCAAGGA;619,468,561,281,29,40,241,179,486,471,242,673,796,761,485,366,569,858,505
AACAGCCCCT;358,390,543
TTCCGGCGAC;415,104,659,496,492,486,292,762,819,99,620,126,576,889,28,872,8,22,88,886,534,203,167,773,584,522,349
ATACGCAATC;565,792,516,709,573,31,404,291,743,850,721,749
CAGGGTTAAA;337,686,547,19,71,97,880
CAGCGTTGTC;388,693,685,565,34,423,545,752,362,632,96,499,602,886,457,714,568,506,5,888,199
GTTAGGTGCG;352,667,475,294,445,334,586,3,127,57,815,741,791,302
CTTTGGCCAT;529,73,393,422,733,447,560,467,868
CCTGGTTTCC;432,857,594,383,45,17,603,866,160,521
ACCTTTGCCA;127,424,806,283,337,488
CTATGCGGGA;151,95,574,426,257,324,720,292,477,214,265
GAATTCTCTG;898,795,665
GGGCACAGGG;150
TGGTTTGCCT;466
TGGTGTTTTT;526,814
AGGCTACTCG;798,37,490,773,548,663,147
TACCGCTGAC;331,721,97,380,823
AGCAATACAT;147
TTCCTAATTC;255,121,689,60
AACTGTAATT;184,119,269,332,867,177,675,56,464,240
AAAGTCATCA;385,177,809,386,391,814,116,786,258,743,338,874,74,421,703,154,99,372,844,301,896,221,371,221,268,648,846,486,611,296,106,873,544
ATCCACGTGC;224,460,104,875,434,124,649,769,454,790,350
AAAACCGATT;186
GGAGAATAGA;730,56,283
GCATGCTCGG;600,28,551,685,525,207,327,147,57,630,434,163,607,287,22,643,113,607,817,511,644,340,295,524,575,296,506,226,380
AAGCAAATCC;415,77,578,407,307,488,495,813
GATACCGTCC;638,703,439,266,413,650,676,35,535,758,515,591,754,860,558,379,51,168,706,560
TTAGCTAGGC;479,30,173,886,303,454,143,217,85,860,765,164,798,575,467
GGTCCGGAAG;210,874,627,572,125,256
AATACACATC;257,632,742,487,806,749,482,403,520,54,826,192,847,365,133
GGCTTTTGGA;158,163
TGCTATCCGA;682,810,627,666,332,563,701
ATGCGCCAAC;94,386,654,92,248,214,814,136,176,312,269,668,314,326,305,698
CTAGTTGTAC;586,340,111,456,7,674,599,838,790,893,648,611,386,667,745,522,179,459,894,748,709,817,597,600,741,894,778,779,613,389,577,809,822,194,857,343,751,421,711,293,868,541,880,730,474,665,143,414,507,404,118,344,588,301,638,868,568,118,628,832,446,875
AGCCGGTAAT;521,696,800,212,490,105,51,578,98,471,677
CATCCCTGCG;206,691,527,475,195,82,312,246,256,184,610,601,95
CACGTGATTT;867,5,384
CGTGTCCGCG;391,746,760,834,58
GATGCCCAAT;392,123,836,410,631,56,233,663,211,259,371,679,62,23,749,825,197,111
TAATTCCTCC;841
TGGAAGAGAG;138,837,511,712,892,190,191,660,205,462,334,871,138,129,699
ACGGGCAGGT;572,209,895,220,213
CGTGTCACCG;534
TGCTTCCAAT;599,624,370,163,701,750,710
AAGGTGTGCA;92,470,497
GCAGCTGCTT;847,90,282,12,708,888,898,693,729,643,882,96,121
GTTAAATTTA;800,590,722,723,764,204,235,45,38,132,873,644,91,557,2,777,27,85,368,845
TTCTAACACA;225,431,375,423,108,476,698,826,438,387,549,70,86,491,147,238,730
ATCTCCCTCG;846,285,891,277,209,456,452,790,787,806,593,700,507,530,423,364,454,596,743,711,689,619,50,695,102,394,870,872,333,160,61,76,667,21,59,119
TTGCGCGTTC;142,537,122
GGAGACGGCC;489,331,542,228,524,353,699
TCCCGGACGT;169,18,841,538,784,119,319,460,568,676,512,146,691,314,49,494,227,171,249,766,299
GAACCCACAG;98,233,99
AACCACCGCA;702,378,136,560,578,208,734,605,692,880,235,396,417,399,445,500,389
CACGCCGGCG;592,251,39,810,525,635,115,19,879,707,241,655,722,126
AAGGACTGTA;21,739
TATGTCTTCG;788,393,52,62,750,155
AAAAACAACA;64,420,273,561,588,886,515,817,770,255,595,659,248
TCCACTACAT;493,222,108,669,654,548,511,604,286,431,592,340,235,274,859,152,575,253,882,172,280,167,154,412
CACCATCCAG;76,367,666,768,459,289,691,312,306,654
AACGCAAATC;679,95,422,740,80,708,592,753,533,66,109
TCCGCGTTGT;446,699,806,382,759
TGCCTTACCG;602,162,410,771
GCGCTGGGTG;408,837,889
ACTTTGCTTT;669
CGCAAGAGTC;539,209
AATGGGAATC;699,799,699,630,550,819,721,33,549,288,571,48,679,594,61,768,265,729,824,168,764,713,651,549,236,898,494,47
GGTGGACGTC;134,660,68,196,856,625
GTATCGCGGG;498,791,339,423,537,30,224,353,560
CCAGTCGAGT;718,476,325,796
GCACCTTAGA;502,889,542,108,265,728,695,289,239,142,565,631,635,733
GGAGGAGGTA;715,264,162,659,525,21,83,341,744,408,274
CGGTATATAG;410
TTAAAATGGA;248,104,279,829,224,187,749,420,431,43,899,767,402,670,155,82,622,351,424,665,711
ACGGCGTCGT;6,442,418,93,816,774,111,477,232,842,693
GCGCTCGGAA;605,726,510,266,660,449,218,290,504,71,365,704,484,311,313,896,352,545,668,818,208,847,358
CACAGTGCCG;403,362,697,411,745,692,12,182,516,24
TCCTAAGCCT;716,193,864,68
ACAGTCGCGA;162,377,639,503,599,765,86,574,111,627
AACCTTCACG;68,171
CTCTGGGCGA;297,69,313,327,386,444,152,534,655,381,607,539,767,342,883,271,19,631,339,587
GGGCTATAAA;524,493,346,60,197,568,701,408,327,493
CATTTCCTAC;530,663
ATTGGCCTCC;548,671,42,625,115,178
ACCCCTTCAT;16,393,520,301,827,493,174
CGCCGACTCC;449,502
ACGTCGTTGA;157
AGATGGTCGT;640,878,608,91,318,730
TTTGCTCGGA;873,445,129,833,524,590,136,209
AGTACGGGCA;109,640,835,854,726,45,656,471,398,620,60,784,757,649,557,123,375,207,406,202
CTGCGCGACT;81,177,278,466
CGGATTAAAT;311,820,550
GGACTGCATT;192,844
CTGGTGCGGC;34,323,433
ATAAGCCATA;672,546,195,209
CTTTGCAATC;715,96,843,717,462,192,427,64,708,111,138,324,260,703,364,186,243,283,69,887,209,154,738,205,606,46
CCGAAATTGT;516,343,56,704,119,361,535,884,417,872,555,489,771,604,541,711
CTTAGATGCA;741,616,407,121,49,439,526,677,196,586,661,677
TCGGCTAACC;492,429
GCGAAGCGCT;577,45
AGGCATCCTT;569
GAACGTAGTA;726,760,628
GCATATTTTT;580,165,468
AGCGTGTTGG;9,148
GATCCCGAGT;196
AACCATTGGT;627,742,750,529,325,326,558,412
CGTCCCTCGC;38,205,559,740,729,227,846,480,59,436,107,368,519,550,475,402,220,357,899,57,24,391,691,484,34,199,160,675,733
TTATCATTAA;56,216,691,123,898,639,752,530
ACGCGAATCT;99,506
ATTTACTTCC;62
CGCAGCCTGT;281,705,336,863,22,534,383,744,412,301,840,464,490,696,242,722,621,195
CGTAGGGCCC;742,893,317,258,489,687,431,358,315,715,794,315,54,349,719,477,239,188,335,157,694,620,768,105,528,333,294,534,708,826,55,287,498,492,178,820,276,855,695,86,333,411,749,154,437
GGGATGGTTA;223,144,360,628,357
GACATTTGTA;24,338,880,850,400,686,316,828,749,799,741,504,860,704,91,479,55,453,627,246,736,678,352,298,676,590,278,146
GGTTACCATA;748
AGAATACGCG;638,283,415,634,35,8,119,559,372,546
TACAGCCCTC;143
CCGTCCGACT;553,270,320,688,535,642,558,67,57,372,443,244,33,174,309,117,849,216,106,588,855,354,241,707,746,116,186,749,32
CCCCATTATA;563,812,236,475,47,175
CGGCAGCCCA;798,543,866,31,287,465,777,76,170,446,282,155,792,143,230,330,317,325,522,303
TCGCGAAGAG;140,455,703,445,264,887,283,695,38,854,296,70,590,886,447,167,314
GGGGGTGTAC;11,145,391,680,24,770,532,402,179,454,799,162,378,225,69,334,563,71
AATGAAGATC;243,363,213,38,893,811,807,131,549,804,172,720,383,105,560,536,463,621,745,656
TAACAAGTAA;723,0,637,12,3,253,677,214,291,360,651,54,694,503,524,607,195,249,751,834,392,495,316,637,685,418
TTTCAGTTTA;540
TACAGGATCT;99,733,644,586,501,188,782,821
GAATAAGCCT;280,476,885,817,613,351,740,793
TATGCTAGTG;731,324,664,581,339,63,88,674,822,887
AGCCTGCCTC;485,78,197,109,0,736,270,485,460,511,434,402,377,432,342,312,189,397,851,441,514,280,613,512,208,732,793,25,430,537
TAGAATCAGA;852,540,370,894,539,43,844,105,676
AGCTACCCGA;506
TTCAGTTGAG;799,232,240,141,42,750,24,788,308,224,584,287,422,174,494,118,839,468,385,315
TGTTCAGTCC;180
TCCGGGCCAC;713,843,771
GCAGACTCTT;430,812,119,207,726
CATTGTGTAA;513,45,194,44,454,317,617,769,746,360
TTGCTTTATC;711,685,451,706,320
TAACTCACCT;333,672,853,581,329,274
ACAATGGTCG;40
CTTCAGTTTA;411,711,288,313
GATCAATGGT;150,429
TCGGCGGTGA;225,600,723,449,847,301,354,469,618,826,365,797,205,506,412,779,405,258,497,136
TAAGAGTCCC;728
TAACCACCAC;339,178,264,288,371,755,659
TGGACATCCT;413,292,124,162,809,329,521,560,17,59,473,507,433,882,285,754,489,669
CCAGGACTTT;599,530,9,375,391,218,139
ATGACTATGC;679,817,347,489
TAATGTCAAT;507,59,152,489,414
GGTTATTCCC;390
CATCTACATC;228
TACACGAGAT;614,532
AGGGCACAAT;503,523,662,272,669,560,547,878,297,886
CACGGATACA;664
ACCAGCTCAG;791,878
TGCGTCAAGG;516,484,130,395
TCCAACGTCG;613,797,347,298,108
CAATGCGCCC;43,12,237,594,294,485,795,407,195,4,422,568
TTCTAGGAGA;171,100,347,380,511,99,277,551,248,9,766
CTCGGAAGTC;865
GTTTGACAGC;813,390,285,536,96,818,84,545,739,666,814,727,716,633,62,39,554,174,153,568,473,171,673
CGGTGGCACC;495,58,650,641,67,568,600
CCCGACTTTG;502,459,533,840,238,153,549,391,878,714,189,687,817,639
GAGAGTACGT;764,326,803,327,79,385,256,239,617,769,881,18,209,497
CGATCCTGGA;714,830,516,701,578,538
AGAAGGGCTA;499,632,213,781,657
GTTCAATTCC;390,476,780,505,464,737,733,785,872,672,35,760,800,781,272,816,789,474
AAACGTCTGG;592,91,179,700,458
ACTGAGGTTT;361
AAAACTCAAA;699,43
GCAAGGTCCT;542,881,558,690
TGAACAATAT;550
CTGGTAACGA;406,22,339,219,884,1,806,172,56,742
GCAGTAAGTT;670,419,627,507,125
AATCCCAGGA;233,672,258,243,545,718,521,376,347,649,756,788,221,529,0,460,412,704,587,648,327
CCGAGTGTCT;897,280,143,341,9,515,195,559,487,123,257,253,338,721,413,44,241,353,164,703,163,252,59,516,226,309,378,484,546,503,613,785,686,487,801,458,810,574,705,8,203,730,606,206,892
ACGATTGCAT;731,511,711,241,477,690,6,445,491,66
TTACCATGAC;345,360,283,357,872,442,111,663,743,282
TTATTGCACT;530,393,308,81,706,507,808,740,885,177,583,375,685,25,540,443,553,875,812,788,144,478,7,856,160,176,2,294,850,425,228,33,359,256,545,837,645,88,136
TGACAGATAT;544,885
GGCGGTAGTT;716,279,656,411,242,828,676,841,181,459,516,434,880,560,656,773
CGGTAAGACG;748,7
GAGGTTGGGT;466,832,867,785
TGCCAAAAGG;791,409,732,314
GTTTGTGGAA;168,3,293,407,450,899
CCTCATACTA;438,192
CCTCTTCATT;616,494,446,650,469,376,569,97,14,772,885,769,852,54,478,809,336,597,478,791,79,796,524,274,537
TTTTTCGCGG;393,208,812,581,288
GAGCCTACGT;188,14
GACAACATGA;891,542
TCGACCTATA;602,799,854,115,735,478,349,126,307,213,564,683,740,46,242,674
AGATATCCAC;260,412,734,450,253,32
AGGGCCTACA;347,279,333,393,390,654,85,471,374,518,307,599
GAATGCGTCC;95,211,758,801,190,296,667,522,212,417,834,785,53,802,889,541
GGAGAAGGGG;402,217,134,593,859,208
ACTGGTCAAC;613
GATACTAGAC;150,832,211,167,696,886,675,344,848,598,716,80,254,163,685
AATGCTACAG;140
AACGCATCAG;829,838,253,651,385,505,265,813
GCCCGTTCCG;873,354,241
TGGACCAACT;297,183,18,744
CCCAAAAATT;527,126,317,847,22,727,613,272,336,166,246,629,775
GATTTTCGCG;410,148,281,727,303,120,316,134,108,287,18,178,629
TCTATGTCGG;674,239,606,786,124
GCAATGAGCC;656,187,469,220,705,757,761,684,689
AGCACCCGTA;357,783,448,668,891,71,539,773
TTGACAGTCG;384,96,364,594
AGCCGACCAA;133,144,334,843,81,370,311,711,517,167,439,454,531,528,19,283,786,554,851,735
GACCTACCTC;405,383,625,187,626,136,732,404
GCTGGCAATT;417,290,727,286,215
CCATGTTTCA;97,610,603,61,34,898
CCATCTCATA;393,268,328,298,664,675,332,547,120,852,801,409,595,857,519,354,150,270,625,154,572
CCGTACATGT;415,137,684,489,337,371,383
TCCTGGGCGT;234,102,748,754,804,292,6,866,394,232,773
GATATCTTCT;655,660
TTTCGGGTCG;566
GACGGACGAT;214,93,196,848,551,401,749,865,870
AGTGTTCAGT;753
GTACGCCGAG;647,738,464
GCACGTTTGA;673,216,348,646,499,510,346,530,285,139
GCAGCAGGGC;76,111
GGTTGCAATG;123
GCAGTCTCAC;872,359,854
TGAAGACGTG;747,389,376,439,878,101,91,726,507,761
CTAGTTTGGG;548,283,621,804,812,684,742,243,322,361
ATGTTAGGTT;418,756,657,518,279,212,351,287,587,705,163,205,872,421,716,679,350,334,148,85,98,285,290
AGAGGGAAGG;343,78
CGCGGCGACC;553,127,321,267,263,426,341,279,416,335,188,391,277,668,167,253,171,387,199,176,386,696
ACGCAACGCT;770,515,157,447,266,154,216,496,468,528,417,94,292,275,506,288,173,828,143,654,784,148,738,427,628,763,263,555,444,552,375
TAGCCGCTTA;835,857,170,378,859,630,445,119,429,620,324,55,393,867
GCAAGGGCCA;653
AAAATGTATT;131,90,172,881
GATATTAGTT;814
AGGAGAAGCT;368,301
ACAGTAAGAT;443,37,695,521,353,289,21,204,235
TGTAGGTCTC;841,204,106,463,88,63,842,538,780,638,54,872,437,671,350,178
ACTACGCCCT;793,685,181,462,339,116,729,652,396,886,274,621,307,451,344,247,32,112,43,658,344,775,232,553,82,806,342,139,25
CGCGGGATAA;328,382,227,783
ACTAGCCACA;637,382,735,665,132,404,713,336,785,659,832,758,880,22,172,381,730,836,783
GTTCCTCTAC;572,467,31,164,506,656,333,122,157,192,410,285,232,191,20,885,828,298,764,261,141,318
GCTCGCCACA;139,858,366,513
GACTGAATGA;102
TCCGCGCCGG;112,270,579
AGGTCAGTCT;319,616,328
TGAATTTCAG;353,593,720,292,651,61,668
TAGACATATG;787,681,696,780,180,139,725,634,106,513,568,388,800,516
GCGATTTCCA;347,130,83
TATTCGCGTC;762
AGTCGTGGCT;301,890,691,570,300,223,333,259,232,331,277,458,278,887,49,64,792
CAGTCGATCC;691,163,237,201,651,56,236,286,204
TTTTGGACCC;129
GGCGAGAGTC;208,276,356,882,212,870,821,315,326,577,805,543,601,530,611,572,593,895,680,510,566,778,678,159,886,186,204,13,499,206,195,139,192,596,274,125,196,472,16,712,328,274,147,715,25,771,326,871,449,476,477,42,18,423,115,770,693,766,186,38,837,406
ACGAGACCAT;778,365,737,749,124,485
CCTAAGGTTC;745,304,197
GCTTGTCTTC;891,695,350,179,583,510
GGGAATTCGA;224,419,780,87,654,726,148,439,483
TAACTAACTT;399,241
TAACATCTGT;540,779,515,686
GACGAGACGT;643,36,766,695,787,82,318,550,768,26,83,316,793,107
TGCGTGACGA;648,171,311,547,640,841,503,492,61,188,715,621,286,369,688,353,401,769,499,780,273,280,397,826,525,754,47,866
AACTTATGTA;486,15
TGGGGCTAAA;556,776,688,775,226,634,475,735
CCGATGATCA;267,496
CGCGGTACAT;816,791,261,443,183,756,247,705,709,131,263,283,490,812,253,344,365,540,556,597,338,476,283,519,165,77,669,590,64
TGTGTGATAC;624,444,496,726,349,257,210,161,155,284,421,781,511,702,579,728,588,291
TTGGACCTTT;488,132,57,651,278,379,214,417,408
GCGACGATCA;571,186,177,173,700,897
TTGTCCCCGG;130,83,11,885,211,517,611,359,381,94,513,40,215,838,699,488,47,140
ACCCCACCAC;40,561,459,261,766
ACAAGATATG;826,355
CAGAGACCCT;525,491,82,163,305,482,664,518,43,776,87,222,18,429,252
CAACTCACTA;47,593,614,660,9,559,206,376,474,809,114,759,877,504,259,181,822,867,325,388
CCTTCTGTTT;498,46,801,347,536,697,223,314,777,59
TCCACGTGCG;136,30,633,141,348,587,551,882
GTTATCATGA;897,641,425,595,673,33
ACCGAAGGTA;2,719,623,601,521,513
GCTGAAACTA;690,768,312,876,769,282,292
AGTACACTTT;320,753,491,866,288,87,355,638,815,828
GCCGTAAGAA;364
GCTCCGTGCG;514,798,367,360
CAAGTGCAGC;475,318,367,571,889,216,835,472,9
TCAGTGCGGA;512
CTCCCGGCAG;535,0
AGCTCCTCAG;419,47,485,584,689,508,687,59,309,115,655,648
TGTTCCTTAC;809,272,75,81,80,709,312,461,382,366,499,861,820
TTTATCGTAG;169,809,42,828,38,38,347,619,313,581,522,684,620,870,47,838,445,133,32
AGGCTTCCAA;38,716,533,228,61,377
CGTAAGGTGG;650,468,430,292,748,808,345,643
ATGACAGAAA;393,527,548,98,890,344,573,818
ACTACTCATC;174,190,838,268,233,419,135,362,119,805,726,101,264,643,256,417,251,788,300,105,76,377,32,788,9
AGGCAATCAC;523,28
CAACCTTTGC;778,150,203,130,630,710,213,479
TACTTTCGAA;199,809,84,152,544
GACATGTGGA;702,90,813,645,480,158,164
CGCCAACTCT;618,899,739,171,301,16,678,93,621,575,448,673,652,507
TCGTGGCGCA;883,853,53,325,873,814,300,849,5,605,16,660,24,215,190
GGGGGATCTT;650,550,839,626,257,735,301,855,569,259,634,561,727,86,563,483,343,670,448,76,716
CTGGAGAAGC;714,15,42
TGTTTGGAGA;407,420,697,716,824,719,145,795,687,129,687,876,606,689,820,582,560
CTGCTGGGTA;780,823,156,808,240,213,216,884
GGTTCGTACT;899,858,624,154,437,272,302,235,514,175,117,336,388,450,658,771,570,478,367,252,647,328
TTGAAGACGC;674
GATGGCGCTG;318,700
CGACTATCAA;58,590,126
TACAGGGCAA;869,319,364,118,408,103,872
GGCTCGGCAA;443,406,827,755,882,825,729,324,551,705,575,372,83,380,80,532,833,164,767,876,664,604,553,30,71,508,421
AATATGTCAC;61
GACGTTGATG;622,20,818,680,17,874,174,578,847,25,811,870,261,262,683,847,227
CGGGGTTCAC;27,885,776,806,754,732,75,486,58,768,4,123,859
TATCACGATA;469,492,371,526,540,695,601,366,267,142,807
ACTACCAGCT;683,199,683,737,371,894,482,507,727,497,312,558,126
TTACGACTAA;797,199,872,654,589,390
TATGAGTGTC;785,425,640,596,867,583,255,352,830,44,542,48,452,96,837,634,161
TTAATTACGA;209,591
CTCCTATAAG;897,90,267,812
TTCGACTTAG;537,814,112,715,99,459,529,589,106,69,522,629,880,245,667,5,124
TAAGCGTGCC;260,267,235,839,310,336,85,538,858,856,8,310,230,263
ACTCTAAGTG;742,596,794,476,200,179,517,670,509,894,499,104,438,51,165,744
TGCTTACGTG;407,448,319,126,308,45,384,515,186,715,595,896
AGTTGACCTA;340,725,102
CCTGATCCTC;28,235,288,392,894,62,535,804,834,105,728,801,653,422,766,355,796,775,134,433,763,578,818,92,233,39,719,588,116,541,250,648,267,719,438,399,386,642,840,707,108
AGAACTCTCA;648,763,215,157,5,455,440,271,601,753,90
AAAATGGGAA;5
TTACTAGTCG;147,584,318,362,386,676,569,481,455,176,588,34,895,697,199
AATTGTAGTA;811,150,78,738,535,750,617,207
CTACAAGTCA;306,201,499
TGAAGAGATG;173,814,660
TAGGTGTGGC;847,859,257,616,351,673,449
TTGCCGCTAA;829,446,337,786,251,661,661,65,362,373,463,304,829,856,806,13,74,623,590
TCGACGACTG;226,154,269,806,846,788
ATCTGACGGA;729,346,315,730,279,283,407,784,597,54,768,700,609,236,51,804,483,860,421,23,856,858,789,754,368,330,596,80
TATCTGAATC;102,624,497,605,495,70,639,340,191,196,640,739,112,605,58,252,54,765,722
CCGCTCGGAG;755,854,859,53,255
GGATACGATG;702,414,324
GGAAGTGGAC;620
GCGACTCGAG;207,69,539,752,37,685,628
TACTCTATGA;214,869,230,406,655,435,852,742,620,528,675,102,692,94
CCGTCCACTG;273,212,790,237,151,736,718,605,409,365,667,569,277,203,294,729
TGCATCAAGA;786,676
CGTGGGCGGA;804,73,696,808
CGAAGTTTCA;127
GCCTTCACAA;483
CCCAATTCTT;748
TCCCTCACCT;723,288,17,293
TACAGTAGAA;341,138,394,745,44,848,551,537,21,114,337,526,54,586,855
ATATTCGTAC;132,843,547,24,274,763,642,798,525,241,683,671,134,763,710,12,764,739
ACCCGGCACT;241,377,349,603,855,614,65,609,648,478,470,34,628,29
TATGCTACCG;544,799,611,521,227,666,81,651,117,364,224,369,868,151
ACTGGCGAGT;535,484
CAGCTCATAC;196,454,698,486,763,69,297,372
CTATCAGACG;98,588,534,809
AGATTAGTAA;259,720,413,73,81,744,76,53,439,379,269,886
TAGGCAAAGC;68,47
TCGGAGTTCC;791,644,847,613
CTTCCATACG;33,874,539,477,730,133,487,840,316,484,341,392,348,128,43,15,3,396,586,410,610,357,368
CGATATTTCA;699,431,473,694,830,744
GTCGGTACCG;14,129,124,229
ACGCAGGTCG;203,807
AAGACCTTAA;176,104,170,728,543,763,105,871,450,321
CGGGACCGCG;225,39
GCGACGGCGC;401,541,683,794,51,732,178,845,382,288,14,502,334,298,159
TCTGCTTTGG;526,421,125,562,557,41,450,676,107,701,260,898,508
CGTGGATGAG;444,541,325,651,494,655,345,321,213,767,289,136,722,472,889,353
CTGCGGCCCA;182,468,39,113,388,282,535,690,117,673,298,455,197,774,183,604,713,562,26,681,751,660,386,689,823,744,390
CTAGTGGACG;97,500
CATGTTCATA;45,747,245,210,71,495,851,461,772,567,442,880,96,726,140,401,899,359,589,314,482,898,279,351,73,868,395,830,43,136,199,833,491,490,860,695,659,599,840,148,465,450,803,289,688,353,843,699,433,597,864,863,796,714,72,736
GATTCGAAGG;484,299,382,557,324,276,28,116,97,260
TCAAATTTCC;142,337,198,720,856
GTCGTTCGAA;274,147,416,227,379,545,345,467
AAAACCGGAA;365
TACATCTCAG;572,662,246,681,488,58,247,505,894,250,400,872
GACGAGCGTT;867,67,28,474,48,71,126,674
GTTCGTGAAT;202
CGAAATTCGT;198,413,430,809,316,71,830
ATCATTCCAC;38,696,751,844,181,504,574,651,552,528,67,607,352,806
GCCCTTAAGT;155,30,447,283,687,319,573
AATACAGCGC;886,153,515,895,636,426,171,667,243,784,735,83,68,506,467,201,662,653,696,659,213,655
GCGCTTAGAG;886
CCCAGTACGA;131,869,435,109
TGACAACGGC;466,55,170,731,742,395,50,301,762,612
CTTCATAGCA;277,220,673,63,271,899,224,486,37,826,696,747,620
CGATAATCAG;433,640
TGATCGCATA;237,292,500
ATGTTATGTG;127,564,758,880,195
TATTTCTCAG;219,192,388,278,227,317,179,449,389,479,101,174,876
CCAGTAGGAA;456,567,662
TTAACTACTA;173,794,598
TTCTTTATCT;495,545,276,531,285,549,712,107,681,623,582,153,605,221,190,133,889,319,215,183
ACATGGCTGG;468,231,387,264,881,404,84,507,330,751,729,404,606,557,432,896
GGATTGAGAT;95,772,854,658,269,794,46,301,294,790,6,21,683,429,145,865,741,215,429,312,16,124,864,449,329
TTGCGACTAA;446,651,347,385,174,201,795,862,734,586,11,219
TAATAGTATT;420,144,162,726,460,895,634,155,179
TCGCTTCTAC;62,562,763,716,564,413,686,719,26,10,304,393
GAATGAGCAT;356,149,675,617
TTTAAACCAG;605,126,217
TTTTAGGAGC;686,620,725
GGCTATTGTA;691,608,470,875,834,849,70,677,842,219,870
CATATGCGCT;890
CTGATGGAGA;699,884,522
AGGCGGCTTC;477,237
ACTCACCCGT;492,677,764,4,503
TCAAGGAGGC;555,21,689
GACAAAAATC;460,134,873,498,531,498,260
GTGGTGTGTT;507,610,662,264,97
TGAATTCCGA;528,420,545,257,699,235,873,563,896,865,453,543,320,624,699,731,293,393,591,680,554
GTAAATCCAC;842
CTTAGGGCCG;372,801,236,55,284,14,365,723,340,417,184,93,373
TATTCAATCA;504
CGCTTTACGA;108,3,500,31,704,523,2,110,412,330,630
GTCCAATAAA;347,578,130,156,226,448,879
GAGAAGCCAA;76,408,38,686,868,477,238,822,798,569,210,299,612,459,617,4,574,882,595,140,840,820
CAGGAGCAAT;500,480,33,36,637,166,294
TATGATACGC;426,602,746,495,411,217,58,600,112,788
GCTCGACTCG;526,723,450,674,160,895,720,723,710,656
GACAGTTCTC;758
CCGGGGCGCT;229,810,3,297,267,443,571,214,51,768,369,839,442,744,624,340,876
CCCCGCTAGA;39,233,303,157,78,111,227,129,156,705,822,100,552,284,516
CTGCACCCTT;519,705
CGGAACCGGG;733,7,214,30,278,21,79,474,308,286
CTTTATGTAT;142,463,456,303,450,511,236
CCCATACGTA;830,892,344,60,251,569
AGCTGGCGGT;821,114,191,493,557,72,740,315,525,572,819,143,300,702,249
GGCTGCTTCA;365,835
CGCCCGCGTA;761,865,543,25,84,785,352
TCACTATGGC;456,782,322,483,181,895,170,131,662,199,576,877,642,600,307,140,553,36,722,419,245,661
GTGCTAATGT;529
ATGAACTGTT;261,478,212,282,293,584,498,516,135,859,116,85,253
TCCTTGTATC;547,565,671,272,411,72,66,113
TAAATAGTCG;84
CAGCGCGGGA;638,434,307,438,105,579,650,685
GTAACTTGTT;545,185,436,275
CAACATCCAC;781,631
ATTCGTAGCT;110,24,623
CTTGATCACT;618
CCGCGAGTTT;811,497,717,155,8,53,886,339,63,4,579,296
CTTGCTCCCG;278,686
CACCCTGATC;219
GGGTAGCTGC;335,93,642,401,773,97
AATACCCAAC;876,878,683,427,781,799,451
CTCATGAGTA;604,607,453,153,730,223,237
TAGGTGCCCG;491,320,288,99,821,376,698,253,714,624,632,432
CCGGGATTAC;473,717,727,446,12,793,573,813,694,647,378,600,512,873,181,649,524,36,726,442,883,325,682,57,871,101,710,615,57,122,380,543,435,828
TGTGCTAAAG;598,540,28,401,532,481,382,803
GTAGACCCTG;125,843,393,378,365
GCTTCGAGGA;290,79,393,846,623,767,765,325,620,562,716,567,321,219,273
GATACGAAAC;154,754,84,84,523,340,334,42,765,302,377,319
GATATGAGCT;263
TTAAGTGGTG;201,427
TACTGGTCGA;379
ACTTCGGAAT;825
GTGCTACATA;400,866,805,815
ACTATGGCTT;292,109
ATGTCGCAGA;885,623,353,61,319,696,891,174,43,674
TAGGTAAGTG;797,687,103,372
GTTTATCAAC;263,30,642
CCGCCCGTTC;143,265,866,862
AGCTTATGTG;169
AGTCCTTGCC;564,513,484,245,643,440,550,364,197,244,722,311,595,651,873
TCGATAGCCA;201,220,375,893,325,474,138,195,123,62,565,887,359,17,223,697,598,642,503,31,316,419,143,225,858,870,798,896
AGCGACCCGG;110,454,325,44,261,704,797,860,809
TGTAACTCTT;114,236,727,69,519
GTATGTGCCG;626,736,358,633,596
TACAGTTCCG;275,370,861,848,898,80,253,674,387,700,546,622,840,614,432
GCTAGTCTTA;888,272,426,772,296,489,117,358,673,546,616,766,96,4,675
CCGATGTAGC;489,833,605,181,103,343,378,338,240
ATGTGTTCTT;297,313,618,585,373,828,734,351,717,155,539,685,575,535
CCCCCATGGT;762,123,635,892,686,390,713,350,715,346,628,811,672,580,824,727
ATCCACCGAA;194,460,862
GCAGTAGCGC;450,879,810,765,706,91,145,63,836,421,358,833,744,7,736,411,324
TGGAAGACAA;262,47,124
CAGGGTTATC;293,387,49
GTAGACGAAC;545,515,22,359
TGGAACCAGC;796,694,586,750,74,446,260,238,161,515,169,62,59,836,31,691,27,305,831,114,53,350,72,231,715,494,629,252,656,758,78,497,673,376,229,487,807,634,22,55,431,131,316,177,157,244,365,827,121,579
CTGAAAAAAA;216,142,195,542,502,223,276,532,879,603,453,696,584,642,628,171,53,500,66,752,668
AGTTAGTTGA;864,729
CAATAAGATC;882,311,679
TTTTTGCAAA;425,432,724,230
GCGACGCCAT;711,282,317
TTGATAGGTA;376,464,813,870,574,252,21,693,101
AGATTACAGA;181,355,202,653,70,686,212,456,525,413,866,110,81,727,204
AGTGGTTACT;568,259,774
TCGGAATCTC;697,351,873,111,311
GAAAAGACGC;818,176,333,462,85,424,612,800
ACAAGCGATA;272,6,78,800,711,93,757,61,193,892,580,506,853,498,211,478,126
GACCCGAGGG;170,807,436,329
CCAGCATGAA;137,215,523,138,47,702,397
CCACGTCAAT;818,112,444,731,762,23,704,673,121,103,463,570,892,695,804,780,451,542,68,299,72,562,527,897,671,215,307,436
CGCGTGTCCC;807,864,210,134,774,721,161,139,209,523,177,396,566,761,433,209,39,813,483,22,807,100,187,523,78,564,59
GATTGCGATA;13,154,400,9,536,724,561,33,587,174,306,583
GACAGATATA;551,554,138,224,587,239,406,259,709,1,523,885
ACCTCGTACA;386,578,395
AGCGGTACCG;289,328
ATCTTCGGAT;700,55,178,850,752,411,544,534,105
CAATTTCTAG;539,177,426,613,504,500,822,81,449,618,267,613,82,105,57,422,641
ATGTCGCCCT;344,118,54,146,562,267,412,674,721,378,832,252,494,880
AAAGGACGGT;121
AGGCGATTTC;12,731
CGCATCTAGG;315,780,41,707,525,269,567,205,895,642,108,833
TTGTTCGGTT;687,207,140,895,238,208
TCGAACGGAC;76,459,1,747,480,622,243,261,28
CAGCATAATA;805,710,412,211,533
TTTCCTGTCT;334,357,147,479,561,210,602,661,776,697,24,325,29,50,294,48,848,327,830,479,302,210,592,383,811,421,836,87,760,649,645,170
TTGCGGCCTG;757,101,456,237,189,547,682
TCGATAGCCA;91,650,76,208,781,134,70,506,320,727,295,708,856,806,163,818,261,816
TTGGCGATTT;646,781,386,576,421,810,395,461,440,403,408,838,366,552,415
CAGGATACAC;750
GTTTGATAGT;581,869,99,450,314,561,268,369
CACACTCTGT;282,671,456,716,214,279,742,841,343,897,76
CAGACTCGGG;254,422
CCTACAAAAT;561,406,891,863,389,70,607,107
CTTGTGTATG;481,797,871,870,256,796,660,131,410
GCACCCATGC;512,708,181
AAGTGTAACA;847,102,729,743,744,589,163,56,703,395,736,800,735,747,406,501,51,38
ACTGTGATGG;295,790,738,511,142,884
AAGTAGTTAT;687,343,850,472,461
CCTAGCCAGA;882,382,555,503
TGACCTCCCC;866,692,110,781,110,719,0,765,863,370,376
ACGTGCGGTA;36,48,894,156,868,653
CTATCCGACC;135,684,203,865,773,65,185,875
TAGCGACACT;467,757,632,402,803,106
AGATTGGGCG;872,771,153,422,704,23,547,508
GAGATCCGAG;142,156,97,892,728,628,838
TCATTCGCGC;750
GTTGTGCTGT;409,279,720,120,112,397,353,210,100,420,856,46,442,751,578
CCTTTCAACG;648,156,146,614,455,464
ACGCTGTACA;653,78
AATCGCAGTC;696,13,725,463,458,545,573,784,427,608
CGGAAATTCC;563,255,788,219,848,668,299,586,893
AGATGCTTAG;690
TGTAGAGCAT;112,369,679,181,58
TGGTGGAGTC;452,119,811,600,556,799,894,701,695,754,433
AAAGTTTCGA;524,433,896
AAAAAAGATA;832,487,325,652,49,447,466,336,81,231,887,111,461,771,602,53,427
TGGGTATATA;513,777,542,659
GGTAGGCTAA;490,846,85,578,873,836,153,290
ACCTGCCTTT;760,38
TGAATCGACG;470,617,354,591,634,155,714,669,730,817,734,792,709,190,71,137,748
CGTCACCAAT;145,210
GTCAGGGTGA;381,842,327
CCTCCGCAAC;251
TGCCTCTAGC;859,269,389,496,228,21,273,361,321,360,661,625,260,611,293,386,199,549,292,429,693,52,89,507,203,225,614,460,60,312,787,1,744,627,442,250,616,156,170,291,114,108
GCTCAAGATC;215,770,615,54,579,454,415,329,336,300,345,173,596,706,149,218,310,662,766,513,681,158,685,184
ACTCGCTAGG;270,581
CAATACAGAC;366,641,171,858,326,473,360,515,510,772,648,581,234,232,208,142,691,528,312,379,631,83,135,669,876,292,856,818,81,273,725,548,151,682,448,774,685,283,540,225,819,766,130,613,341,445,136,465,193,74,669,102,123
TGGCATGATG;807,345,525,174,858,463,516
TCGCTTGCAG;284,898,509,269,423,660,51,855,665,498,161
ACCCTAACAG;291,442
ATCCAATTAG;217
TGTCGTTTGG;178,476,284
TATAACCCCA;419,749,636,822,820,163
GAGATTTGTA;555,391,488,289,449,898,809,437,382,556,740,98,275,156
CGCCGGGCTA;8,408,737,674,562,247,592
GCGTCGTCGG;372,82,342,409,787,147,237,29,586
TTCGCCTCAA;260,730,31,514,427,86,68,866,543,70,146,871,603
AAAGCATAGT;21,745,92,877,597,30,71,214,732,723
TGCTTCGCAC;863,444,351,178,222,223
GTATGCGACT;439,5,620,520,195,0,860,383,491,722,551,248,866,748,123,650,500,513,438
GGGTGCGCAT;743
CCGAACCGAT;230
GAAGTCTGTA;890,323,90,411,875,340,829,8,491
CAACACCACT;98,664,159
TAGGACAAGC;781
CAAGGACAAG;675,56,732,66,725,330,451,307,113,340,723,407,165,758,584,176,545,833,847
TGCCGGGCCA;616,632,541,765,26
CATCTTTTTA;50,879,737,375,708,755,15,362
AACTCTACGA;327,350
GGTGAATAGG;341,234,249,77
CCCTATCGGT;443,364,517,676,172,130,168,698,745,404,845,112,700,197,505,281,25,40,568,709,414
TTAAATTATC;899,471
ACAAAAAGTG;894,613,637,468,214,788,866,772,683,710,356,637,709
CCGTCTATAT;271,831,691
GATGTACCGA;827,302
TAATATTAAA;493,185,95,197
ATTATACAGA;628,380
CATACGCCTA;304,437,159,5,754
AATACCAACC;516,659,328
GTCACTGTAA;267,556,788,360,341,414,332,53,403
TGCTAAGAAG;777,104,199
AGCCACGGCG;88,772,741,241,460,572,221,752,539,700,113
TCGAAAACCT;549,532,95,609,331,53,706,879,449,151,6,685,64,672,96
CTGTCCAGCA;700,154,869,38,716,135,879,373,488,634,748
TGCTTGATGA;39,619,222,749,4,379,1
CAGTTCACAA;413,883,847,21,97,783,545,639,431
GGCAATAAAA;718,221,259,532,372,69,553,138,352
GTTCATGGTT;238,341,319,725
TAGACGTAAC;109,313,194,395,430,390,622,608,756,631,7,785
CGTGTCGTTA;712,671,476,373,160,365,679,781,856,161,323,251,371,271,526,540,395,49,492,821
TATAGTAACG;473,249,714
ACCAGGATCT;353,585,776,25,525,465,677,888,669
CTTCTCCAAA;196,26,687,736,340,842,658,217
AGGCACCCAA;719,20,883,28,63,499,477,553,778,861,773
GCCCTGCATT;672,647,608,817,410,383,674
AGACGGCGGG;513
TAAAAACCGA;655,410,350,543,586,757,37,621,206,145,432,556,751,853,325,705
ACTGGTCTCC;855,582,219,585,116,899,248,399,692,325,441,722,409,446,830,252,370,349
CCGCCTGGTT;334,634
GGTGTTCTTA;11,405,546,738,65,491,631,374,310,277
ATATGGAGCT;679,221,303
CAATGTTTGC;892,448,365,898
GCGGCAGGCG;636,217,86,709
TTTTGAGTGT;725,659,682,72,758
TAACGCGCCC;32,321,780,107,598,406,333,666,235,105,717,862
AAACTGGAGC;823,415,186,25,33,798,572,514,223,486,364,430,892
GCCGAGGTTT;341,315,704,229,661,720,777,155,794,193,661,828,764,548
TGTAGTTATC;2,46,323,529,564,217,764,718,209,419
AACGGCAGCG;349,854,238,661,834
CGAATGTGCG;365,103
GCCGCAGCGG;543,419,22
TGGATGTGAG;60,442,269
CCTGGGCTTC;38,615,441,647,576,417,35,474,11,215,641,286,296,875
TGAAAGTATT;802
GCGAAGTGTA;889,76,449,804
AGGAGCTTGA;823,140,721,500,103,202,306,634,14,573,868,466,156,723,743,92,77,43,262
CTGGTATTGA;392
ACCAACGCCG;144,643,426
GTCTTCGGAC;617
CGGTCGGGCA;181,261,450,486,373,73,671
TCATCCCGTG;152
AAGAGAGTTA;387,434,142,431,897,694,434,731,622,119,863
CGAAACGACG;327,738,396,444,800,710,224,103,567,583,414,526,383
TTACAGGAGG;0,509,321,182,783,388,390,88,788,5,806,441,607,584,866,562,552,433,321,582,443
GTGAGCGCGA;629,147,334,640,358,876,354,856,469,713,167
ATTCGTTCCA;791,372,101,423,287,314,21,52
CATGACTTCG;736,662,126,129,103,302,366,892
AGCGGGTTTA;802,753,657,13,177,252,387,335,491,298
CGAACTAGCG;606,479,640,612,238,164,522
TGCAGTGGGA;385,311,602,357,62,502,149,337
GCTAAGGGTT;612,103,250,469,717,226
CGGAAAACCT;361
TTGGGAGCAC;263
GGTAGGCACC;42,247
GTATACAAAG;434,264
GACCAGTGGT;809,231,166,822,267,356,565,377,497,403,857,65,545,540,616,653,171,553,85
TGTATTCTAA;278,246
TGACACATGT;209,886,7,454
TATCTCATAG;273,137,484,55
TGGGACGACG;453
ATCCCAAGAT;837,641,301,139
CCCCCTAGGA;577,228,105,392,445,219,595,290,406,609,398,40,412,147,109,355,623,416,408,828
AATGATCTGT;457,62,438,524,228,702,155,114,528
ACGTATCAGC;34,48
TCTCGTATTT;57,821,401,91,529,136,248,186,593,61,98,186,206,855,751,580
GACAACATTC;165,329,846,632,497
CTGGCGGTGT;421,839,379,269,510,611
TCCACCGAGA;285,368,112,670,771,303,207,881,512,559,574,836,522,462,513,195,701,379,688,505
TCAGGAACTA;273,477,791,335,35,252,371,739,274,892
GACTATAGCT;721,524,457,667,230,427,667,733,642,706,417,235,755,721,683,200,205,569,823,722,510,700,693,838,89,135,336,180
GGCCTTGAAG;848,51,372,103,342,361,43,798,82,217,252,181,309,163,737,851,779,474,596,58,572,5,810,540,44,510,697,882,77,149,896,517,751,456,837,535,839,296,663,591,130,382,809,894,211
GTCTACTCGC;533,506,494,677,700,499
GTCTTAAAAT;428,596,694,829
GTGCGAGCCC;388,661,272,555,520,537,710,689
TTGGTGGCAA;438,18
CCGTGCCCCC;291,629,421,643,565,552,610,577,719,66,844
GCGGTCCTCA;351,431,439,401,432,195,557,714,712,183,430,458
CCGCATTATC;424,401,238,627,515
CACGGAAAGA;555,898
ACTCGAACGA;213,388,82,40,489,491
GCCTTGTAAG;623
GCGCTACCAC;2,783,674,53,561,542,215,612,476,616
TCAACCGAAA;540
TATTCGCGGC;450,772,504,738,775
TTACTTATCA;458,367,401,195,328,607,298
CGCCACGTGC;774,321
GCCACGTAGG;383,376
ATTGACCTCC;411,255,360,775,723,47,159,735
CAAATCGTCC;382,578,580,610,768,273,68,528,121,284,558,383,444,544,451,767,864,768
TGGCGATGAC;632,813,245
TCTGCCATTT;110,265,440,582,426,117,739,207,285,387,663
ACGTTAACCA;895,91,767,169,895
TTCTTTTATG;257,71,773,555,460,545,204,47
CGGTCCTAAT;511,782,612,657,730,387,523,144,620,472,669,679,237,612
CTCGTCTCGG;643
TCGCGTATTG;73
CTTTTACGTC;264,278,724,711
CTTCTTATTG;436,175,243
ACAATGCATT;492,68,677,192,696,383
AGTTACCTTG;661,136,169,832,328,365,295,379,341,303,610,80,814
GACCTGGGGA;609,200,301,150,684,878,80
GACCAATTCG;157,856,193,327,640
GGGTAATTGT;703,387,806
GTCTAATTAT;40,850,776,374,326,146,18,806,706,750,107,848,313,604
ACCACACGGA;848,855
AATAACCTTA;560
ATGACATCGA;286,699
CAGATAAGAA;310,534,165,405,846,112,592,295,618,600,666,699,476,164,847,157,392,826,626,838,835,681,45,25,201,891,521
TGGGTCAAAG;103
TAGTTGCAGC;394,874,88,152,429,548
CGGTCGTAAG;50,465,73,151,506,192,163,700,166,424,420,356
ACCGAGCAGC;453,594,485,701,670,97,112,648,694,553,544,483,216,425,650,742,697,186,339,812,695,715,555,76,842,642,300,639,38,161,887,661
TTGACTGAGG;832,745,291,173,7,234,749,730,802,115,659,203,308,202,784,91,146
GTTGCAATTA;52,534,102,667,209
GTTGGAAGCC;82,465,428,631,642,616,727
GAGCAGATGT;875,28,631,548,186,847,326,262,507,852
TCGACCGTGA;193,604,194,372,299,717,775,724,79,471,512,299
CGACGCTTAC;479
GGGTTCACTT;24,172,891,731,157,359,161,438,338
GGCTTTTTCG;617,689,736,304,498,432,391,423,806,744
CCCAAGGAGT;260,429,26,108,132,304,826,549,368,11,514,534,276
CTCCGTTCTT;764,185,244,296,391
TCCTTTGTAC;349,300,34
ACTTCTACCA;793,440,411,359,777
GTTTGAATCA;748,163,35,852,867,348,596,627,565
ACCCAAGAAA;121,509,459,482,597,319,439,233,424,724,598,145,442,312,544,888,22,615,594,612,132,402
GACATGGATT;894,571,276,50
CTTATCGCAA;200,291
TGCCGTAGGA;802,217,664,287
GACTATGTTA;563,217,616,324,82,86,767
GCTTACCCCG;128,264,411,445,851,427,762,431,762,166,709,501,429,413,17,869,726,746,794,725,683,520,316,622,253,520,593,262,511,217,450,443,798
CTTGGGGGCC;343,876,802,890,821,233,248,757,527
GTCGATCACT;839,348,511,643,265,455,778,26,488,282,880,551,395,19,57,404,354
AATGCTCCAA;266,326,647,133,335,700,128,317,427,225,857,60,376,206
TAGAGCACGA;523,359,15,870,304,485,390,185
AAATATAGAT;815,550,850,312,616,512,80,290,578,603,382,448,845,633,767,216,634,143,444
CGCTGCTAGT;107,396,595,47
CACTGCACTA;847,694,9,397,387,83,855,478,231,835,550,143,209,733,430,787,426,701,189,731
GGGTGTTGAG;483,889,490,712,347,157,579,485,65,742,863,461,738,125,797,194,636
ATGACCCCAA;782,419,817,838,537,500,48
TGGATTATAC;885,99,571,0,717,704,889,883,285,895
CGGGCGCCTA;421,700,527,440,191,5,869,823,385,88,495,394
TCACAGAGTG;3,369,328,805,269,12,328,389,579,841,159,216,807,399,24,801,590,456
GCTGCCTATT;582,579,278,103,310,324,738,672,272,331,858,564,28,579,386,765,281,735,566,741,207,737,88,102,405,130,228,787,801,384,192,80,656,30,514,147,523,827,869,738,296,446,138,867,25,404,832,675,144,500,501,268,846,170,693,777,608,66
CATAAATTTC;802,796,18,68,868,171,880,309,81,126,448,254,79,560,852,690,630,8,156,416,823,56,431,200,277,760,739
GTGACTTTTT;314
GTAATCCTGG;238,225,42,840,639,473,129,490,799,165,708,151,675,84,670,775,352,747,218
ACGTGGAGAA;519,641,570,209,433,396,831,105,632,267,705,700,797,121,786,773,222,192,99,222,625,576,323,410,202,453,162,340,658
ACTTCAGGGA;611,147,253,847,567,281,92,272,482,876,331,573,865,378
TCAGATATTA;203,876,502,809
CAAAATAAAT;819,368,585,558,72,58,773,535,874,882,852,456,429,845,440,609,748,573,759,607,519,207,31,203,414,150,289,769,430,411,806,603,275,302,179,355,680,662,801,103,701
CACTCGATCT;138,620
AAGCGCGGTC;768,159
CCACAGATAT;321,859,707,43,621,17,611,141,146,111,744,245,496
TTAATTGTTC;798,877,387,70,747,595,279,111,637,894,271,51,54,832,625,189,425,437,269,231,523,112,410,185,244,437,492,712,477,253,115
TACGATTCTT;697,727,505,273
CCTTGTGACG;390,85,181,522,656,309,694,174,276,522,136,104,449,797,868,807,854
AGGTGATTCG;770,161,43,351,576,680
GATTGACGGT;609,575,859,691,755,185,647,194,391
TATTTTACCA;409,441,311
TGGAAGGATT;586,217,490,73,423,393,720,594,184,134
CCTTAGACTG;588,7,477,215,252,525,447,173,293
CAACCGTATC;648,259,356,374
CAAAAGGCTA;427,650,382,614,812,254,807,302,519,14,425,765
GGCTTTAAAG;240,410,234,561,555,752,621,259,492,705
GCTTGATCCG;428
CCACGTTTCC;808,712,898
TGGCATCCTC;468,256,131,57,448,659
TAGGATCGTT;498
TCGTAGTCCG;415,516,859,715,640,379,353,644,172,898,319,350,747,631,450,142,412,463,860,333,761,894,707,123,473
CTCTGACACG;280,362
CCGGAAACTC;12,797,165,832,813
CGCGGTGTAT;236,674,124,254,659,335
AAGGATACCC;92,880,166,427
ACCATGAAGG;426,538,34,483
TCGCTGAAAC;217,619,763,609,625,576,404,819,610,867
GATGATATAT;519,70,340,354,512,883
AACCCGAAAG;722,388,218,362,733,262,435,385
CTCAATGACA;88,895,1
GCACACGAAG;458,773,308
TGTTGGAGAC;793,874,464,215,312,829,719
GCGGTGTATG;214,330,696,201,474,530,98
GAAGATGAGT;683,296
TTTCGATCAT;313
GGCTTCTCAA;518,502,88,146,129,316,163,263,379,676,226,419
CGAGTAGACT;196,372,127,392,461,280,683,802,366
CCTATGTATA;639,800,585
GCTTGCGAAC;214,65,204,55,133
ATCAATGTCG;892,376,394,508,766,581,639,685,336,158,162
ACGGGCGAAT;177,616,235,448,506,123
AGCAGATGAA;768,667,610,856,576,406,386,853,267,222,650,303,406
AAACTCACCG;520,331,348,233,248,124
CTACAACCGC;414,403,11,664,25,694,682,116,267,492,57,815,292,874,769,439,349
TAGCTTTTAC;781,356,386,26,93,896,356,39,612,177,699,318,97
GTTGTCTACT;822,113,291,898,345
TACTGAACGC;101,857,824,368,49
GAGATTTGGT;422,381,558,850,674,425,14,484
TTGGCGCGTT;678
GAAACAGAAG;595,542,270,210,374,631,182
AGTTCCAGAT;827,108
CTCGCTAACA;720,208,714,295,251,311,809,587,211
AGTTTAATGC;639,122,518,501,480,120,610
TGTGAGAACG;187,845,787,154,100,818,301,789,180,568,181,412,350,6,712,103,775,835,822,221,380,862,179,829,744,177,765,744,260,212,426,333,715,865,784,184,445,205
CCTCTGAAAC;853
CGTCCATAGT;441,298
GGCATCGGTA;441
CCGTCGTGCA;165,819,855,101,293,707,720,10,697,663,138
GAACTGGGAA;728
CACGTTATCC;337,285,137,124,184,582,458,512,475,443,883,431,503,659,639
GGCTATAAGC;790,364,795
CCCACCCCAA;776,343,800,349,853,759,114,730,824,774,307,761,776,832,630,74,45,681,171
CCTCACCCTG;244,659,387,209,855,851,200
AAAACAGCAG;66,390,741,14,176,144,245,87,538,782,857,506,312,259,888,320,859,608
GAGAGGTGTC;510,787,772,348,876,581,440,204,206
GATAAATGCT;745,247,4,72,394,683,698,505,843,862,55,867,371,406,499,761,341,305,518,654,290,457,140,259,805,377,3
ACCGATTCGC;561,892,755,223,275,416
AACACCTTGT;532,164
TAAACTGATG;502,777,659,518,856
TTGCCTCCCC;38,181
GCGAACGCAT;526,174,506,558,193,441,282,94,549,449,461,737,71
CTTACTAAGC;295,24,144,882,823,79,734,474,354,392
GAGAGCTATA;620,97,505,258
GCCTGCGACA;192,698,726,387
CGTGTTTATA;896,738,220,757,808,636,322,807,786,58,385,672,315,858,164
TGTAAGTCGG;493,785,636,141,191,842,894,583,113,270,103,670,155,111,742,216,351,255,519,103,63,337
TACCACCGAG;310,435,364,344,688,702,825,884
CGACTCTCTA;854,344,115,695,491,379,653,627,733,547,862,566,48,458,615,80,400,167,292,527,735,290,148,230,103,888,443
TCCCCTGCGC;491,18,179,868,135,292
ATATGCCGCA;249,189,762,697
AAGAGATCGG;561,507,22,100,52,142,148
ATGAGATGGA;430,259,710,189,609
GCTCCCGTTT;223,809,75,572,520,721,628,568,591,279,78
TGTGCAAAGA;410,211,502,218,129,14,663,259,595,108,817,194,44,7
AGTGTTATAA;832,209,401,838,196,734,381,37,285,569,476
CTCGTTGCCC;733,793,473,252,264,576,386,478,781,522
CGTCGCCGGC;851,97,312,46,135,893,500
CTTCGAACAG;23,566,733,482,162,135,296,1,425,604,168,572,842,105,395,328,213,265,470,852
TCGACTTGTT;638,867,593
TAGTCAAGGT;368,507,289,540,281,58,109,160,47,695,336,549,678,22,6,223,208,711,5,538,465,511,504,367,771,835,148,666
GACCGAGCAA;533,368,53,730,199,201,739,618,541,670,219,208,827,274,682,246,337,30,10,173,869,89,716,225,792,554
AGATCGCAGG;664,735,406,138,436,719,413,899,327,695,69,318
AATACGCAGC;376,675,369,149,285,295,858,77,675,487
TTTTAGTCGT;816,333,405,827,592,539,563,821,277,198,838,869,46,400,627,191
TGTTAACATC;565,306,826,631
CTGACGTCAG;18,338,410,676,518,147,503,873,378,125,487,13,290,16,138,513,179,884,12,860,8,414,499,196,145,606,670,444,203,314,630,121,490,122,822
TCGCCACACA;520,740,490,485,22,62
CCGTCCAGAT;419,395,268,233,629,346,718,389,773,716,129,742,692,447,45,152,637,675
TACAATTGTA;871,91,7,495,892,482,510,533,109
AAAAGCGGCA;624,330,832,756,734,309,730,53,668
TAAATGCGTT;43,58,10,52,185,427,123,701,479,86
AGTGGCTTCA;50
TATCGCGCTG;163,28,83,645,415,471,645,272,60,157,357,2,436,186,898,452,216,92,148,229
GGACCGCCGG;293,135,388,612,295,629,588,361,235
GATTTTAAGG;542,331
AACTCTTACC;194,720,344,654,455,499,670,895,13,682,415,235
CCGCAGTGCC;520,895,664,169,721,746
CTACCCGCCA;190,720
TACGTTACAC;700,32,879,562,632
CATTTAAATA;539,52
CTCCCGAGCG;9,560,492,167,433,217,700,735,266,625,148,449,691
AGAGGGGCCA;527,233,562,787,800,696,77,706,535,482,683,453,620,108,198,573
TGCAAAATTA;291
GGCTCAGAGA;635,706,490,345,618,531,549,439,860,529,822,214,832,479,642,720,440,392,219,480,310
ACTGCCGAGT;526,392,594,879,439,429
GGATAACTCC;217,619,220
TAGTACAAAG;69,388
AAAAGTCTCG;654,783,766,739,898,593,544,349,178
CCATAGTAAA;132,870,129,125,154,633,664,285,379,836
CGGAGAAGCG;91,166,475,231,500,333,16,748,782,115,65,267,866
GCTGTGCTAT;490,113,648,573,159,20,364,149,791,399,449,78,96
CGATCAGTTG;746
TAATTCCCTG;29,659,519,897,630,819,55,884,170,392
CCAGACTAAG;460,560,486,230,899,20,670,536,472,777,753,446,467,166,420,272
GGGACGCAGG;671,530,809,323,533,456,480,373,372,309
GCTACGGGAC;153
TAGTTTGGTA;489,561,668
TTGGACCGGG;145
GAATGCCGAG;465,834,816,43,306,131,68,32,477,397,257,616,833,377,851,808,168,770
CAGCGGACCA;202,217,213,492,409,768,100,54
CGCATAATAC;657,329,517,125,46,314,583,3
TTAATTGAAT;552,269,156,361,550,121,753,817,659,64,862,7,704,468,399,430,307,721,248,257,432,756,492,98,14,606,28,126,232,342,300,268,830,851,603,673,648,184,60,245
AGGCTGATTC;887,891,58,583,761,545,890,668,61,469,441,884,329,75,382,325
GATATCGGGT;42,321,661,403,100,123
TTGGCCGCCA;552,87,882,462,678,233,604,793,746,639,556
ATCACTTATA;112,3,367,800,859,590,231,778,406,500,215,489,478,323,418,552
GGGCGGACGT;389,390,389,42,160,83,321,49,314,800,388,311,145,324,484
GACGATTCGG;187,686
TTGGCTTGAC;74,561,827,128,335,717,847,56,437,259,822,278,556,864,891
AGGCGCGATA;345
GCCCTTTACC;5,163,290,23,290,71,586,133,717,445,563,418,669,842,414
AACGCATTTG;371,810,844,396,636,674,302,309,642,92
GCTCTCCAAT;151,536,52,592,260,4
TTATGGCATA;492,16,306,668,640,776,624,885,896,425
AAACTATCCG;716,157,620,112,174,636,587,810,179,212,480,534,98,734,840,26,536,436
AAACTGCATT;808,338,848,48,644,710,557
ACTTCTTCAG;301,542,340,3
TCCTGTTTAA;515,679,130,694,825,88,381,379,754,272,832,488,150,562,96,123,749,825,19,80,465,75,534,346,330,858,807,265,79,451,519,43,529,72,225,69,492,212,193,393,704,250,140,285,305,268,315
CAACGCATTA;153,385,424,391,794,100
TGAGTTCGAG;148,95,512,557,472,838,626,369,727,79,119,2,768,482,881,818,765,532
GAGGCCGCTT;600,436,217,731,199,165,174,381,528,480
GGCTACCACC;197,453,3,219,628,81,365,576,346,199,15,283,450
ATCTATTAAG;436,352,753
GTTGCGTGCT;767,614,474,698,557,803,32
TTTTTCCTGC;507,163,338,659,776,363,844,555,464,785,770,837,563,847,459,151,361,217,173,593,662,451,611,202,229,398,408,103,805,880,529,533,396,827,765,654,422
CCGTACCGAT;660,329,839,774,867,825,694,885
GACCTGATGT;850,206,37,172
AGCAGCTGGG;573,642
AGCCAACCTT;624,125,256,720,67,682,841,681,800,156,525,95,680
TTCTCACCGG;884,261,693,214,210,444,456,348,461,691
GTGGCACGTC;429,123,90,410,148,733,56,12,276,659,620,407,883,538,570,406,426,733,710,468,708,293,367,508,10,280
TTCGATCGGA;854,877,795,17,324,891,790,508,275,703,158,210,578,100,861,346,326,342,747,823,427,699,182,566,146,700,817,620,353,481,716
CTGACGGTTT;401,712,690,255,354,852,807,146,229,110
GAATGAGTTA;689,86,515,207,810,320
CTTAGTGGGG;308,327
AAGCGTTTCT;312,602,223
CACACGTACA;643,360,180,761
TACTCCGTGC;673,536,490,387,40,565,703,67,125,224,81,240,546,634,667,632,729,348,284,305,617,419,891,30,441,53,191,719,395,686,769,204
AAAATTTGAA;725,392,731,207,572,746,406,508,96
TTGTGAGCCA;525,795,141,800,635,343,558,597,14,731,269,347,116,876,493,365,699,682,525,373,539,150,768,59,640,445,434,415,809,621,124
GCTAGTCCGG;245,235,806,552,615,51,121,432,595,166,425,423,378,211,468,375,824,505,145,39,30,757,565,843
TGCCACCAAG;611,692,411,830,118,385,610
TACGGTTATA;505,162,300,875,541,857,568,63,593
GGCGGGTTAT;69,100,251,70,669,335,647,823,818,820,671,365,269,463
TTGTCCTAAC;298,645,580,47,648,454,637,221,347,794,675,842,478,441,20,471,835,6,269,80,573,820,644,252
AGTTAAATGA;216,693,799,535
CTAAAGGGTA;65,542,574,201,495,634,232,304
CTATGGCTGA;879,726,300,326,504,663,328,319,858,351,845,205,29,269,405,771,606,239,146,726,66,751,69,387,485,251,865,479,367,251,732,180,677,84
AAAGATCCAG;783,277,172,383,71,771,247,526,766,113,307,191,752,52,391
CACGGTTCAT;384,659
AATAGAGGCA;193,604,165,285,433,142,106,494,367,706,539,687,384,639,696
TCAGAGTAAT;757,532,402
CCAATGGACA;403,249,417,887,233,542,257,121,193,122
TGCGAACGTG;256
GCTTGCACAC;191,491,701,410,450,78,505,807,624,579,626,259,51,203
CTGTAAAAAC;172,112,683,321,43,303,259,338
GACAAGGAAT;383,703,879,669,529
CTAACGACTC;384,360,826,11
TCCGAGCCTA;317,646,283,644,863,849,620,147,152,382,206,608,727,120,733,205,449
GTCACCGGTT;391,540,482,113,517,167,877,299,558,753,827,115,762,519,148,763
GTTCGAGATT;300,787,776,364,799,775,825
AGTTAATTTC;588,588,0,476,746
GGAATCGAAT;885,19,329,170,622,165,272,619,606
TGGCGAACGT;337,201
GAGGATGAAT;572,1,390,207,17,863,24
CCAATAAAAT;579,193
GTTACCGCAG;497,388,513,228,307,654,331,774
GGGATTTCTG;83,528,582,848,134,734,236,53,702,43,326,895,354,448
ACAGTAACGG;43,310,592,711,257,867,347
GCTTTGCAGA;427,434,779,673
TACCGGCTAC;786,687,644,92,214,424,889
AAATCACCAA;580,711,845
CGTTAGCACT;387,561,377,218
GCCCCAGACA;73,205
CGTAACGTGT;507,21,98,699,388,242,453,170,760,819,624,449,594,647,814
TTATCGAAAA;84,852,669,479,449
GTTCGGACTC;364,884
TCTATATACC;898,65,472,836,802,134,824,222
GTCTGGTTGT;450
GCTGCGCACA;81,849,607
ATAGGCGACG;515,891,310,85,850,888,95,721
CTTTGCCCAT;125,104,212,834,290,715
GCGATCGGCT;261,96,637,769,757,281,31
GCAGGTCTTA;803,368,54,798
CGCTGGGACG;541,435,139,58,87,52,680,522,85,309,782,861,775,395,334,805,512,672
AGCTAGACTC;61,517,453,243,306,643,839
GAAACAGCTC;268,648,323,213,625,2,117
GTGTCCCGAC;667,722,822,372,124,103,443,326,141,259,407,799,474
GTCCAAGAAT;44,728,697,836,298,393,744,440,264,295,50,172,70,467,564,798,378,76,713,156,478,644,432,262,190,99,130,79,774,714,789,254,802
GCTTAACCAC;376,667,559,141,510,375,6,180
GGGCAAAGGG;425,417,825,820,92
ACAACAATAG;386,531,825,270,316,549,299,871,594
CGTGATACCA;317,314,630,336,3,76,200,554,131,409,230,807,575,801,678,204,671,787,695,308,829,596,179,44,285,515,703,775,222,452
GTGTACCAAT;26,642,131,768,110,451,55,850
TGTTCCGAGC;16,538,545,717,193,486,373,304,238,51,53,612,806,576,349,285,412,446,776,272,220,41,417,634,137,800,612
GGAACAGACG;524,401,894,826,331,378,498,198,893,266,843,573
GTATCATAAG;176,855,486,627,270,270,472,333,687,291,617,885,457,890,343,493,162,441
CTTTAAGTTT;548,195,93,168,716,473,295
ACTCAAGCTG;262,587,858
CCGTAGGGGT;884,372,809,775,173,189,533,894,485,361,552
TCACTGTTTT;328,813,454,27,309,470,810,457,46,872,654,214,145,581,582,533,532
AAATTTGCGA;335,174,676
GGATATCCCA;31,701
CATTCAAGTT;681,550
CCGGAAGCAG;221,339,895
TTGAATCAGT;734,425,258,644
GGCGAGATCT;434,467,251,894,539,651,350,65,394,374,279,582
TGCAACGCAG;169,722,784,163,90
CTTGGTTGGG;766,558,674,170,854,753,255,818,480,393,39,751,839,824,398
GTTGATGTTG;614,366,607,58
TCCACTAATT;210,639,549,874,831,386,271,123,776,20,820
TTAAAGTACG;570,613,32,247,82,751,2,398,637,538,502,719,828,430,421,139,356,618,869,417,565,385,354,89,414,307,589,689,816,331
GTTTCCTTCG;649,846,279,669,631
CTTAACATAA;666
AGATACTCTT;306
CGGCTGGCGC;431,749,86,598,300,779,228,507,680,376,643,316,41
GCCTACACAA;436,163,853,527,806,786,199,501,599,794,522,756,734,821,134,731,339,808,583,248
TATGCCAACA;637,226,297,552,156,170,607,125,578,852,445,818,336,598,223,408,505
TAGTCACGGT;260,675,103
GGTTGCTGAC;346,580,319,139,341,673,542,216,7,212,581,806,418,59,96,663,14,268,334,546
ATGTGTGACT;455,376,596,548
GGTAAACAAA;28,208,431
ACTAAGGATG;378,57,570,498,791,213,166,480
TGTAGCCGCC;262,361,88,526,174,526,266,176
TCAGTCGGGA;222,603,673,300,325,314,754,753,746,235,683,175,147,204,528,754,119,575,817,210,817,725,671
AATGGATTCC;454,525,738,150,450,381,863,594,387,339,579,790,116,317,47,838,709,818,442,0,814,241,851,842,544,486,463,28,542,878,882,701
CCCCGTTGCG;377,248,677,699,220
CGTTCACTCA;764,595,629,73,528,373
CTTGAGATCG;264,470,322
TTGCCGGGTG;576,230,122,869,258,777,95,724,710,660,370,176,72,260,644,138,525,430,426,320,821,740,43,63,526,565,594,276,496,134,123,506,578,544,543,614,89,367,360,360,817,420,833,488,786,52,578
AAACTGAGTG;213
TTAGTAGAAA;49,622,851,587,288
ATACACCCAC;170,165,282,691,317,563,732,852,838,500,628,659,98,860,269,779,578,393,837,126,496
GAATGCCGTG;241,816,159
CAACTGGAAT;116,435,182,454,491,675,183,798
CGATAGGAGC;836,56,301,170
