TTCGTGCGGG;193,205
AGAAAACTGA;445,89,433
TATGCATTCG;304,100,382
GGGGACTATC;333,491,218,300,499,308,317,126,387,219,483,145,156
CGATTCACGT;322,335,235,391,173,86
GTACGCGTTT;48,435,439,111,351,419,420,298,18,270,226,265,255,132,243,327,451,391,409
GGCAAAGCCC;340,213,373,186,215,374,427
TTAGAAGGGA;104
TGGCTGTACC;287
TCCGGCGAAC;119,326,296
TTGCATTGCC;281,361,266,465,107,433,288,185
AGGAGCTTAT;54,10,27,261
GCTCACCACT;408,373
CTTACTGCTC;220
CAACACCGAT;357,227,175,426,312,433,351,206,301,445
TGCCGCATAA;449,36,359,152,425,447
AGACGTCGAT;113,404,232,244,152,39,68,438,138
AGGATCAACA;418,88,113,135,292,115,474,143,135,229,157,190,454,394,77,46
GAAACAGGCT;441,63,175,112,18,179,352,349,16,106,330,20
TTCTTAGCAA;176
TTGCGTGCGC;438,293,233,460
CGGTTGTGTC;262,484,5,438,270,113
CCGATCTTTT;269,55
GGCTGTGACG;135,86,263,367,311,302,305,119,373
TCACTCCTCG;68,490
TGCGGCCGCC;13,107,409
AGCCGACGGC;374
CTCGTTCCCG;336,210,420,355,456
TGACAGGTCT;171,144,229
AGAATGGGTC;161,496,385,358,54,367,355,353,375,444,168,251,32,372,162,463
TTCGATTTAA;490,255,419,365,124,227,484,214
TGGAGGACCA;278,304,495,306,134,356,311
TCACAGACCG;196,457,211
TCCGTATAGT;482,417
TCACCTCAAC;213,54,25,2,397,270,376,233,443,43,445,205,418,467,495,290,431,275,458,113,176
GGGCTCTTTC;229,153,294
TTCCCTAACT;432,53
GGCGAAAGAC;178,440,342,45,47,367,115,455,202,387,288,294,99,142,50
CGCCTACTAG;218,74,27,484
CTGTTGCATG;32,484
GCTGTCCGAA;143,256,491,450,95,187,227,107,92,180,171,357
GCAGGATGAT;494
CCGAGTTGAC;452
CTCGGTTTTA;134,384,448,14
CCAGGTTGCG;251,282,425,111,27,129,441,381,176,189,122
AAAACAAAAA;209
CCTTATAGAC;357
GATATCAGCA;409,66,289
AGCAGCTTCA;257,356,338,261
TGCGGGTCAC;104,476,90,309
CAAATCAAGC;21,357,413,145,149,330
TTACACATCC;333,204
GTCGAGTACT;94,133,119,56,209,70,15,51,91
TTTGTCAATC;175,270,106,74,181,350,448
CACAACCGGG;427
CCCGGTCGAT;411,163,155,379,264,403,57,410,237,496,456,85
ATGGCGGACA;45,420,107,86,151,457,3,105,18
GGCCGACGCT;361,477,487
CTTTCTGATA;131
TGTTCGCCAC;238,225,120
CGGAAATTAG;367,37
TTCATGAATC;247,341,134,248,140,85,384,15,467,247
AATCAGATAC;298,58,393,345
TCCTCTGTAA;296,475,270,386,103,133,166,236
ATAAGAACTG;275,256
TGACCCAATC;133
AACATTATCT;216,340,86
AACGACAACG;248,209,241
CTCCACATAC;480,333,374,69,445,408,13,403,315,109,343,234,330
TGGACATGGG;42,30,215,359,299,327,168,415,264
TGAATTATAG;111
GTATTCTGCA;104,45
GAATCTAGAC;326,342,83,382
TGCTTGTTAA;209
TGTTTACCGC;9,287
TATCGACATA;265,107
CAGTCGATTA;70,241,476,0
ACGTACTCGG;211,247,64,203
TCAGTTACAG;467
ATCGCGAGTG;222,165,302,467,449,280,96,68,190,190,422,388,404,206,460,174,176,221,129,237,298,253,343,342,7,81,75,357,272,348,214,275,10,413,392,110,91,96
GCGTGGACAG;54
AAGATCCTAA;176,388,359,115,284,400,114,40,379
AGAAACTTCC;236,185,116,223,228,70,104,63,374,302,264,284,114
TGATCACTCT;297,125,328,413,43,389,71,97,357
GTCAGCTTCA;211,267,372,313
GTGCGAATTA;19,56,29,471,301,383,4,37,8
GTTTTCACTA;368,66,86
AAAGAGGCCG;1
CGGGTACGGG;161,290,143
TGCGGCGCCC;364,101,111,18,393
CGATCATCTT;360,138,409,409,92,130,186,290,416,405
TGTATAACAA;353,472,437,379,341,470,150,304,121,369,315,20
GGAAAGTAAT;486
ACAGAAGCAT;110
TTCTCGAGCA;200
CCCATATTTA;329,426,488,82,286
ATGAGCCTCG;82,154,25,229,46,9,296
AGGATCCCTA;409,496,390,154,314
TTGCCCCGAA;99
GCGGCCCATT;358,155,80
ATGCTAATCA;304,440,86,119,26,240,409,191,111,240,187,334,142,110,330
GGTGGGAATA;495
GGAGACATTG;460,210,183,188,166,199,297,112,3,56,109,85,318,394,146,333,200,366,192,57,409,312,271,224,274
TAACTGGTAG;220,24
AGTAAAGAAT;421
GGTGTGCACA;79,251,439,404
CAAAGTGGAC;483
CTTTTTCATC;309,397,158,352,10,199,367,371,41,274,347,412,213
CCGCCATTCT;176,250,346,379,32,404,224,162,276,447,234,7,24
TTCTAGCGTG;448,188,360
AGCCGGAAGA;144,222
AGGAATCTTT;38,222,214
AACTTGCTCG;455
AAAATTCTGC;462,70,250,177,55
ATGCCCGAAA;138,110,391,108,453
TGCAGCCTTG;396
CCCAATCCGT;357,9,137,40,69
TAGCGTCTCG;231,230,448
TCGAGCAGCG;429,463,475,458,250,374,299
TCAGCGGCAG;323,242,120,278,17
TGCTATCATT;150,111
ACTAGTTGGT;481,78
CACTTGCTTA;277,79,320,411,355,7,18,150
TCATCAGTGT;56,147,372,393
CTGGGACAAA;435,163,47,238
GTATCTTTCG;363,51
GCGGGAGTCT;114,23,305
GATTCGCCTT;108,111,103
TACACCATGA;205,497,292,454,212,265,425,315,425,290,436
CATCGAGTTA;139,75,334,246,88
TCCTTAACCC;176,288,452,126,418,134,380
CGTCACTACA;24
TACTAGTACA;160,47,26,294,306
ACCATAAGCG;388,366,462
CACCGGTTCT;408,134
AGCTCATCGC;309,111,210
GGTGGCTGCG;329,132,247,24,352
AGGCTCGGTG;20,117
CCTTTGAGTG;111,0,292,86,339,127
GGATAGAGAC;272,51,188,296,54,30,284,196,102,236,395,430,443,489
CAACCTAAAG;163
GATGAGGGTC;220,6,478,453,178,425,474,228,153,348,272
CTTCACGCTC;55,117
GTACTTGGCA;272,318,51,170,483,304
CCAGTGATCG;474,488,352,256,100,171,324,126,455,398,481,341
AGAGTGTATA;354
CTCAGTCGAA;111,44,295,241,311,46,27,45,277,270,474,244,209,82,180
CTGACCCTTG;191,452,467,115,224,150,478,110,202,184,50,127
GTGAGGCGAC;31,337,487,402,313
ACCACCGCAA;253,473,167,433,398,432,352,355,58,476,458,395,444
TAAGGCATGC;22,280,425,372,356,303,274,145,225
GGGAGTGTCG;321,88,331
ATTAGGGCAC;440,213
ACCGCGTATG;161,398,78,279,284,436,64,308,12,50
AGTCAGTGCC;146
ACCCGGGCTT;360,448,125,499
CCTACCAAAA;27,227,164,190
GGTGGGTGAG;141,15
GTACCCCCAT;391,247
AAGCTAGACC;477,353,254,357
CACTAATCGC;359,50,219,377,320,11,130,261,18,335
ATGGATGGTT;329
GTGATCTGGT;289,166,3,61,491
AATGACCGTA;443,444
TTACGGATAA;179
CAACTAGGGG;213
ACCCGGACTA;372,499,137,187,124,33
TTCGAGCGCG;435,386,49,483,45,186
GATGAATTGT;254,23,199,284,349,27
TAGTACAGTG;4,121,9,247,462,93,55,238,211,323,271,78
ACAGCGTAAA;392,204,191,14,115,282,42,394
TTGTCAGGTT;435,492,255
GATACTTGTG;256
TCGTAGGGAC;34
TGATGATGAA;134,166
CTTCTGCGGC;151,247,153,498
GGGCAAGACT;225,304,272,17,160
TATTAGTAGA;138,86,194,45,305,61,308
GACCCGTGAG;74,398,390,304
GGATTACGTG;3,485,261,257,469,408
AAGTAGCGAG;356,122,190
CGCAGGAAAT;398
TCAGCGCTGT;55
CCACCGGAGA;354,322
CGATATATGA;496,60,248,395,133
AACACACGTT;304,322,310,384,361,411,213
GGAGAGTACC;357,116,82,494,238,258,268
TGATAGTCTG;14
TTCTGGAATG;485,12,108,160,224,310,278,25,312,3
ACCCGATGCG;242,101,4,180,378,390,210
GCTTATGGCA;452,343,366
TGTCCGAGAA;75,447,291,228,472,46
TAAGCTCGGA;271,446,328,130,206,263,128,378,288,27,345,423,122,125,227,261,496,83,320,308,249
AGAGCTGTGC;191,490,13,193
GTTCATGGGA;188,406,379,276,15,209,343,262,29,460,16,30,70
ATTCGCCTTT;283,45
CCGGGCCGCC;409,34,105,62,248,488,322,60,394,59,345,311,115,378,442,270,188,140
AGGGCCGTCG;397,226
TAACTCTACC;166,245
TTCGTCAGGA;126,106,457,22,214,186,477
CGCACGTACT;35,218,150,498,416,188,168,79,317,367,228,412,134,251,197,338,91,324,303,258,88
CCTAGAGGGT;451,47,332,235,478
AATTACGAGA;11,403
ATATTCAAAA;317,493,19,347,269,144,258
AAACACGCAT;104,404
AGAAGCAGAG;36,46,399,93,168,406
CAAATACTGC;485,166,396
TCGAAGCGAG;170,233,106,2,209,437,317,147,340,162,435
ACCTTAGGTT;40,182,364,125,6,393,466,266,453,122,56,62,91,329,137,80
AGTCTGAATT;369,424,279,325,120,115,22,31,437,76,281,148,239,336,468,44
ACGTTATGCA;44,330,443,206,339,48,0,225,405,445,44,298,73,48
GACACCATCG;74,388,395,122,189,372,497,280,16,67,378,191,102,391,480
CTCAGGTCGC;402,45,471,234,481,345,273,66,4,6,361,414,42
CGTCGTGCCA;29,208,489,210,78,211,337,446,289,126,431,387
GAGGTCGCTT;107
CCGCCTCAGG;441,277,156,484,312
CTCTCCGTTT;197,229,269,164,23
CTGCACTTTA;302,42,74,64,16,232,198,148,307,54,187,97,219,141,73,127,23,238,121,244,432
TTTAGCTATT;484
CACAGTTATG;189,220,324,348,41,105
AACCCGCTCC;35,258,39
CGACTGGAGG;410,332,178,115,312,80,428,372,222
ATGCAACGGA;372,400
ATGTCTCGTT;81,26,451,122,51,205,147,475,128,441,146
CCACCGCTCA;47
ACTCATATTA;413,172,456,234,473,274
GCGACGTGGA;273,124,139,404,473,131,476,2,22,37,399,484,336,278,37,278,177,401
TGCCTGGAGC;357,453,99,158,269,339,385,406,292,324,193,280,119,15
TAATGAGTCT;417
CACTCGTAGT;211,48,111,335
TTAGTCGACA;132,364,455,316,289,477
TAGGTGCACA;246,135
AAATTCAGCC;315
GCTGACTGTG;440,204,284,206,443,58
AGCAGGCAAC;347,194,316
TGTAACACTA;63,323,134,239,333
CCCGCCCGCC;493,86,113,411
CTTAATTCGA;14,261,7
AGATCCTAAC;91,242,496,289,392,395,486,187,328,125,383,409,91,98,446,88,156,69,331,312
ATATATAGCG;72,163
AGACAACTAA;140,344,178
CGTTCTCTGG;497,132,465,105,128
TAAGAATAGT;483,16,22,47,463
TTATATGGAA;423,101,35,208,236
AGGAGCGCCC;202,292,413,282
CGCACTCTGA;428
TAGAAAGGCC;182,219,98,348
AGGGATGGCT;255,186,87,424,82,283,187
GGTGGTGCGT;135,423,490,73,436,432,149,321
ATAGACCTAC;222,81,73,142,233,409
TGTCTCGGGA;118,361,243,238,86,473,374,469,175
AGTATCTGGA;463,20,129,217,424,13
TACAGGTAGG;297,350,419,216,404,32,11,110,52,68,303,60,294
AGACCAGCCG;197
GTTCACGTCA;413,243,157,16,375,133,410,191,21
CTTTTACATA;88,292,54,198,186,310,77
TTATTTTTGC;362,327,223,385
TCATGCCCTC;425,138,147,400,290,344
GGATTCTTAC;400,241,278,337
TCATCTGCCG;150,451,277,450,371,146,63,445,241,240,23,296
CGGGGGTAAG;306
CAATGGTTTT;467
TTTAATCTGA;45,338,190,419,361,129,233,353,255,254,378,178
CGAATCATTG;163,388,29,102,238,304,11
GGGCACCCCG;231,86,32,132,381,406,148,222,277
TCATGTGTTG;108
GATATATTGA;48
CCCCTCCTCT;412,409,472,422,466,170
CGGACGAGAC;198,29,180,13,434,350,137,326,389,314,422,112,117,435,57,302,149,236
TCAAGCTAAG;497
TTAGCCCATG;48,3,233,250,157,47,152,111
ATATAAGTAA;385,481,257,271,444
TAAAAAGGTC;342,427,427,47,134,164,220,106,17,94,335,336,199,81,460,186,9,196,48,145,112,317,493
GGAATAACTG;270,65,228,83,204,438,128,155
TGTCGGCCAA;102,133
AGACACACAC;273,402,436,463,412,472
AATTAGTCTA;139
CGTAGTGGCC;259
TCTAGTTCCG;423
ATTTAGGCCC;436,417,272,237,209,347,155,142,83,336,325,50,161,121,14,15
TTGCCCGCAC;193
CCGCAAAATC;139,406,489,406,272,352,262,311
AGTACTCGTA;386,220,482,438,234,226,365,419,393,392
CGTCTATGCA;476,373,213,209
GTGGAGTGAC;75
AGTGCAAACG;426,416,392,100,457,416
CTTTGCTATA;283
CCTATACCAT;485,37,280,151,291,282
AGATTCTAGT;79,0,209,413,216,313,399,0,449,177,105,39,497,222,65,70,214
ATGGCGAGAG;431,351,77
TCCATCTTCT;27,93,364,13,125
AGTCAGGCAA;82
CCTCATATGC;72,303,216,111,453
TGACGTGACG;93
AAAACGAGTT;408,480,319
CATCATGATG;173,159,232,0,72,428,107,160,280,67,279,393,333,63,309,216,180,463,284,467,410,381,314
TTCGCACGGA;241,294
CAATTGCGCC;316,449,439,76
ATGTATAAGC;410,442,208,268,358,355,414,364
CACCAACGCG;180,130,213,353,252,199,252,109,14,393,128,217,54,348
GGTGATTGGC;239,247,92,271,366,341,132,323,131,128,279,111,192,167,488,146,162
CCCTCTACCG;111,3,490
ACTTCGGGCT;491,462
GGAGGTCGCT;232,1,406
TTAAGCTTTT;294,226,130,158,456
TCTAGCACCT;492,269,368
GCTTTTGCGA;7,177
TTAGTCGCTG;319,306,175,369,228,389,139,127
TTTGTTGGAA;169,436,77
GCGACTAGTT;176,103,45,181,237
AAAGAGCGGG;251,38,272,238,8,4,275,395
AGTAAAGGGG;314,396,29,5,283,450,294,353,187,480,127,313,414,342,10,463
CGTCTTTAGT;309,402,150,257,172,170,303
GAAGCATGTC;97,85,448,431,222,338,148,89,433,92
TCGCAGATAT;322,167,299,30,224,5,54,292,289,13,23,310,178,118,477,468,428
TAGTGCTAAC;203,318,127,99
CTCATGAACC;298,77
AATCAATTTC;120,145,2,147,476
AAACAAGTTT;146,57,245,98,270,229,481
GCCAGATGTG;389,352,456,21,484,265,485,185
TCACTGGCCT;38,16,289,249,355,166
TGTCGTAAGT;307,393,184,437,225
AAGTGACGTC;34,435,446,172,228,339,304,69,73,420
GCCTGTAGGA;327
GACTGCATTT;116,363,34
CGGTTTTCAT;54,36,435,86
ATAAGCGTTA;331,338,267
GGTGTCCTTC;135,227,290,498,487,373,150,381,274,262,496
CGCATCCAAC;427,250,68,191,8
TATCTTAGTA;92,37,261,272,281,6
CGGTTCGTAA;215,464,221,206,409,279,135,144,261,88,258,167,341
CAGTAGGTCC;149,466,56
AGCATTTCCG;304
CAGTTGGATA;350,144,248,256,469,286
CACGGGCCTC;82,482,432,117,256,327,371,24,104
CAGGCTGAAA;367,390
TTGCCATCCG;266,117,304,473,60,286,28,452
ACGTCGGCAA;407,467
TCTATAGAGT;471
ACAAGTCGTG;266,475,421,113
AGATGCAATC;421,473
CAATCGTTTG;178,103,432
CACCTATTGT;491,340,229,328,380,238,20,204,315,473,330,335,12,253,228,38
CACTCCAACG;423,204,147,390,308,71,21,190
ACACTAGAAT;204,108,296,463
CTCCTCGACT;128
TTATTCCGCC;74,178,278,231,475,318,154,305,23,59,312,44,437,185
CATCCCGGCG;426,127,27,298,9,115,24
GGCTCGCTCG;309,310,478,18,45,4,229,282,213,430,55,31,8,262
AAACTCCATC;112,229,104,131,450,214,276,222,445,270,477,87,403,390,460,472,45,87,157,405,122,442,185,181,151,346,16,72,125
CCCTTGCCAG;385,137,206
CCTAAAGCCA;0,323,357
TGTCAAGCTA;375,207,58,42
GCGATCCGTT;359,114
TCTGGATGAT;481,89,200,121,191
GGCTACGACA;335,135
GGTTCCTTCG;331,27,165,395,298,498,360,117,314,363,87
CTCCCGACTA;316
GCACTGCACA;428,322
TAAGCCGGTT;362,165
CCAAGCATAA;269,65,427,115,465,130,197,356,272,472,58,356
GCCTGGGGCC;237
TCCAACGAAT;366,475,315,26,397,43,368,293,340,132,343,3,209,71,323,5,94,334,251,192
TGTCCTTCCG;406,472,408,90,86,121
CGGGTTGGAT;365
TTACTGCCCT;113,284
AAGGTCGAAC;56,115,234
TACAACAGAG;422
CACTGCGGTT;139,119,208,173,397,476,474,321,85,182,181,445
ATGATTCCGC;207,89,380
CTCAAACGTG;320,250,44
CATTGAACTT;5,70,277
ATGTCGGTTT;80,114,422,457
GATTGGTCCG;136,308,234,132,309,446,487
TGGGTAAAGG;61,310,153,446,345,53,205,371,230
CTTAACTGAT;322,119,45,340,250
CATTATTCAG;92
TGAACGATCC;398,71,379,110
ATGAGACTAT;52,300,89,129,88,129,349,421,214
TTTCTGGTGC;305,453
GACCTTAGCC;399,89,2,90,267,387,65,77,453
AGGGGGGTCC;34
GAATAAACTT;329
AGCACTAGTC;38,450,300,381
GCTAGTGACC;130,237,449,87,383,406
AGACCTTTAC;179,350,216
TTGCCTCCGG;389,259,467
TCGCGCTCAA;489,297
ACTCTGCCAG;356,472
ACTCGTGCCA;154,402,456
ATGAATACCC;390
TATGGCAAGC;350,121,165,87,317,220,468,440,295
ATGGAAACAT;78,232
TTCTTGCCCT;422,252,201,368,400,310,338,70,208,217,151,442,212,315,26,445,450,158,455,35,321
GCCAATGCAT;270,54,401,301,38,320
GACGCGTCAG;448,23,309,245,179,47,0
TGCTTATAAC;16,476,107,43
TAAAGACGAC;337,324,229
TTGTCCAATC;106,349,377,8,386,255,408,11,335,468,56,255
TGAGAACTAA;70,488
CCGATTTTAC;370,211,415,220,217,244,60,16,313
CCGGCAAGCT;278,401,383,43,52,477
CGGAAGGAAC;36
AGCTTGCCAC;56,452
CAGAGGGTCG;329
CTTGTATAGG;465
GCGACTAGTC;192,127,206,259,173,129,34,370,427
AGATTGCTGT;355,186,429
AAGGCTATAG;246,376,25,51,5,227
AGCATAGCGC;429,238,221,250,435,179,342,127,375
GACCGCCGTA;143,352,100,300,71,452,74,406,7,113
ATGTTGACGA;119
CGCTACCCCC;44
AATTACGCTC;14,249,5,273,359,360,456,108,139,141,239,358,316,220
CCCCTTCGAA;174,334,12,389,351,195,347,419,72,115,403,408,365
GAGCCAACGT;104
GGCGTTAGTT;315,371
GGCGAATCTC;317,307,462,103,10,223,425,64,492,11,238,218,37,354,330,202,441,480,235
AGAAGCGTAC;109,137
AGGGGAGTGT;38,349
GGTGCGGAAG;195,201,378,279,213,8,43,188,54,49,99
ACCAGTAAAG;36,284
TTTGCCAAGC;200
AACGTGGGAA;346,229,144
GCGCCTGGGT;443,373,287,480,43,415,370,393,258,265
GAGATCACTT;408
ATTCTGACGA;103,197
TTACAGTGCA;481,318
CAACCAGTGC;279,137,177,219,481
ATGACATTCC;447,384,165,91,380
ACGAGGGGTG;153,471,216,311,320,248,246,424,116,230,63,66,82,412,389,287,254,469,390,293,65
AATGGCGTGA;47,442
CTGGGAGGTG;431
CCCTTCGATC;121,387,351,81,100
AGAGTTAGTT;58,305,166,330,243,399,28,352,402,412,335,291,266,467,460
GATGACAGCT;230,146
GTTGAGACTA;199,449,185,279,249,253,184,479,56
CTCAGTGTGT;281,270,190,215,181,334
GGTACTAGAA;468,156,320,293,472,119,72,27
AGGGAGCCAT;228,127,2,333,465,20
GAAGAATTCC;14,83,395,122,158,234,157,151,0,117
CAACACGCCT;171,27
CACCGTTTTC;212,359,361,43,154,315,353,12,361,182,463,57,151,3,228,67
AGAACCACAA;15,95
ATTCGCGGCG;242
GAATGGGGTT;95,26
CAAGGATCTA;119,429,122,77,499
ATCGCTAGGA;434,194,445,85
CGTACTGGCG;102
TCACTCGTAT;442
CGGGCCCCAC;58,473,226
TTGTCTCGGC;180,116,25,371
ACTTCGTTAG;86
GAGAGCGCTG;414,212
GAGTCAAAAC;17,93
GCTGGTTCCT;117,486
CATCTCACGA;111,17,181,8,275,46,84,56,213,370,226,404,167,24,465,358,241,376,482,161,335,410,312,275
TTATCGACCA;206,235,63,329
CATGGACCTG;273,227,254,404,69,314,102,441,390,232
CCCCCCGTCC;465,6,52,307,141,105,437,485,339,231
CGCATTGACT;180
GCAACTGTAC;290,494,215,14
TATACCATTC;174
TTCTAGTCGC;174,5,167
CCCGGCGGGA;117,329,213,123
TTACACTAAA;72,249,88,106,139
AACGGTGCAC;318,357,356,383,307,201,136,456,278,398,74
TCACGCCTTG;33,38,78
AATTGCCCCA;32,109,400,367
TAACTACCTG;52,264,179,164,443,241,90,203,175,293
GTTAGGGTAC;297
TTCGTGACCT;380,90,41,22,426,127,449,78,295
TTAGCCGCGC;450,246,390
GGAGGGCCCT;392,364,252,49
CCGTCGTACC;199,160,428,0,6
AACTAGAATG;334,144
TCTTATCTCC;367,65,137,125,64
AAATATAGTC;452,135
GGAGCTGCTA;443,429,229,343
TGCTGTAAGT;80
TGGGCAGGGC;426,321
AGAACTTGCC;169,442,28,86,255,269,450,325,261,172,292,391,254,389,233,462,456,94,309,102
TAGCATTTAT;481,28,185,55
TGTATATGAG;229,6
GCTCATCTGG;279
TATCTTTGCC;458
GTACTTCCCG;452,214,12,108
CAAATTGTGT;172,64,91,155,282,184,115,310,487,345,418
GAAACTGCCA;103,301,262,48,29,77,29
ATCTTGACGC;67,446,456,322,34,472,269,457,155,358,5
ACGCTAATCT;292,276
TTCGTCGTTT;141,55,203,180,378,202
AGTGGATGAT;232,295,213,294,358,60,37,325,119,143
ATTTAGTGAC;19
TTTTCCATCT;131,208,134,161,458,442,228,165,449,248,378,100,342,52
TGGCGCTGTC;185,323,188,156
TTATCGGCGA;495,467,220,298,59
AGTTTAGCTG;236,319
GGATAGATAC;188,365,260,108,249,286,230,79,408,15,191,458,473,115,423,453,484,179,81,346,207
TCCGAAAAGT;89,306,233,253,497,319,222,324,360
GTGAACAACA;257
TTACCTGTGT;55,441,178,311,473,298
CTGCGTTTAA;344,309,204
CTCTGCCCAT;68,439,37,337,345,47,50,51,421,36,224,406
ATCCGTTCAT;125,166,230,476,414,8,380,142,454
GTAACAGCAA;329,291,218,160,257
CAACCTGTCG;204,223,306,255
CGCTTACGAC;160,139,170
GACAATGTTC;491,384,400
CATTGAATCG;173
CTTGGAACAA;32,425,326,309,252,268,183,222,457,393,335,288,222,389,291,243
GCGAGCAGAG;127,60,59,287,14,153,109,411,179,194,327,221,254,214,476,121,368,156,285,343,145
TACCCTGGCA;425,23,88,70,385,310,364,244,352,402,289,80
GTCGACATAC;218,158,379,283,442,428,302,490,75,494
TCGGTTGCGC;131,261,488,495,443
CGTGTGTTAG;407,204,359,119,133,455,307,173,484,27,244
ATGTACAGAC;92,274,310,284,188
CTTGAGAAAC;83,405,421
TAGGCACTTT;128,211,22,124,482,419,412
CAATCCGGTC;94,259,174,141,332,58
TCGCACAAGA;83,362
GATCACGAAG;36
AGTGGGTTGT;45
GACATACTGA;346,416,210,337,65,202
AATGAAGGCG;388,146,481,241,164,366,450,385,102
TAACCGGGCT;20,29
ACCTTGAAGG;384
CCCATTGCTA;0,493,26,236,311,465,26,388,179,162
GTCGGCAGGG;137
GCTGAAACAA;159
ATCCCATTGA;439,262,76,430,93,456,208,138
GACTAAGCGC;304,128,162,346,298
GCTGTCAAAT;398
CGCCCCCTGT;87,485,443
CTAGGGACCT;371,490
AGTTTTCCCT;414,261,344,81,468,454
TACCGTCCAA;143,285,422,81,192
GGAGGTCGGT;251,184,237,222,25
GGACGACTCT;447,86
AGTGGGTGCT;19,400,70,322,30,238,498,46
ATGCCCGAGT;322,156,312,143,121,472,432
ACTTCCATTC;441,283,224,139,49,275,188,402,241,282,56,415
GTCCGTTCGG;94,90,427,462,191,132,147,271,125,491,213,11,355,40,87,121,261,7,194,76,419,449,294,188,277,457,162,89,247,456,309,73,372,436,327
TAGGCTTATG;395,398,297,296,119
TGGTTTATTC;198,325
TTACCCCGCT;29
GAGCAATCAA;302,481,487,330
CACCATCGCC;153,144
ACGCATTTCC;31,175,492,156,123
AGCTCAGAAA;485,181,152,226,378,324,180
CTGCGTCATG;443,421,107,88,381,363
ACTGCTCAGT;184,98,1,467,276,27,34,210,243
CCACAGACAC;131
TTGCACACTA;269,387
CGATACTCGA;458,294
GAGGTCAATG;269
ACAGCCGACA;23,410,98,365,319
GTCGCTAATC;321,276,107,290,189,148,162,114,236
TCCTGTATTC;133,33,213,461,98,410,329,380,174,325,60,187,95,463,21,281,345,324,247,387
ATAGACTTAG;312
GGTGCGTGCC;208,423,372
GTTGCGTGAT;163,440
CCCCATTAGT;17,283,401
GCAGCGTAGG;176
ATGCACGTAT;440,263
GATTACTCAG;125,206,229
CTTTCTTGCT;327,484,367,154,192,394,371
GACTTGTGTA;102,487,440,50,413,36
CGTTAACCCT;165,252,385,330,362,316,403
AAACAAGCAG;124,338,458,207,208,309,287
TCGCACCGTG;257
GCGGATAATA;364
GCAAGGGCCC;207,418,399,297,81,307
GTAAACCAAG;55,428,481,381,189,435,137,238,39,222,193,403,133,70,32,309,469,474,147,191,427,212,174,478,184
GGGAATACGC;443,140,365,301,317,173,494,407,80,294,271,469,216,379,19,82,391,203,305,68,273
TAGCTTCTAG;407,407
ATAGAAGGCA;381,487,276,218
GAGCAATTCT;287,461,94,145,225,183,451,81,368,398,93,409,344,372,280,142,442,69
GATGCTCTCT;264,286,240,287,224,281,307,466,279,465,312
ATCGGACTTA;168,39,64
CGTAATGGAC;472,338,118,167
ACGGGGCGAT;117,133
GGTCCAACGG;13,13,126,41,424,428,386,406
CTCTACACAC;1,211,433,480,99
ACGACATCGA;425,401,105,257
CTGTCGCCGG;270,352,27,462,326,23,309
ATTTACGCTA;320,161,239,433,79
GCTTTGGAGT;47,189,376,180
TTCGCCCGCG;480,417
GAAATGTAGG;458,453,415,457,133,366
TTCAGCGCTG;176,82
CATACTATTC;162,369,344,65,220,280,327,293,313,91,209,385,116,243,269,251,448,489,248,316,79
AGCGAATGGG;106,5
AATCCCTTCA;320,233,476,39,363,83,167
AAACTCATCA;498,387,447
GCGCCGACCA;487,452,366,113,261,299,225
GATTAGCCGT;20,380,201,416
GATCAGCCTG;433,201,212,6,20
GTCAGAAAAT;315,38,357,278,249,209,134
TCGGTAAGTA;464,190,54,15,353,135,61,322,431
GGGGAGACCA;279,93
AAAGGACTTG;441,200,307,48,90
AAAAAAGGAA;347,487,239,381,486,9,195,287,253,314,390,340,266,99,5,98,265,384,403
CGTACAAAGG;449,205,158,318,482,354,166,58,226,291
TTTCTCTGAC;406,32,489,374,146,375,355,104,49,363,80
ACGTTGTCGT;495
GATGGAAGCT;46,317
CGTCCGACTT;292
TTAACGCCGG;438,191
TGATAAATAC;147,126,249,259
AAAAGTTTGA;16
TAGTTTAGTG;355,441,336,289,224
GTTTATCTTG;194,413,367,63,280,100,22
AGTCAATGGC;198,200,285,55
TGTCTTACGG;128
GGCAACAAGA;104,121,413,195,273,215,151,338,429,258,83
TTCAATGGCG;489,162,419,307,329,336,392,301,28,3,473
CATATTTCTG;264,376,71,72,432,93,64,233,30,159,86
TTTCCGACGC;63,115,488,448,239
CTTTTATAAA;12,460
GCTCTACTAC;376,23,396,472,72,7,47,72,95,25,401,169
TACGTAAGGA;42,359,103
ACCACGACTT;271,342,10
GTAACATCCC;94,361,295,431,399,203,335,185,349,166,63,105,152,473,408,283,474,246
TTTTCTCAAG;21,70,439,392,184,301,10,113,211,186,62,499,197,368,397,425
CGCTGCCGAA;495,36,242,152
ATCACTGTCG;186,11,18,10,487,439
CCTTAATATC;257,352,163,40,147
CCATTCCGGG;402,387
CTGCCGGCAA;300,377
ATAATTTAAT;116,440,156,269,151,468
CACAATGGGC;37
TCCTGCGGTT;191
TGAGATGTGT;303,59
TGAATATTTA;148,274,301
AGCTGTCGCA;71
ATTAGTACAG;372,240
ATCATGTGGT;485,217,117,250,99,473,351,30,5,29,441,52,299
GGTAACATGT;283,16,311,52,262,4,56
AAACCCGATT;302,292,47,235,303,200,285
ATTCAAATAA;117,265,159,254,321,307,158,55,44,414,161,172,3
AACTTTTGTG;499,104,77,332
GCGAAGACTG;443
GAAGTCCGAC;249,424,22
CACGAAGTTC;429,260,329,338,258,291,84,403,461
CTGGCCAAGA;262,61,291,273,203,348,345,62,480,236,125
TCCGGACCGG;418,427,457,215,175,49,93,196,253,185
GAGCTTTAAT;324,105
GAGAATGGGA;403,224,338,124,203
AAAATGTTTA;60
TGGCCGTATG;58,185,349,31,88,71,366,358,34,383,422,18,309,300
CAAAAAGCAA;399,4,133,218,370,109
ACTTATGATA;93,473
CCGAAGGCTG;346,170,375,40,410,48
GTCGCTCCTC;322,182,182,40
TCTCTCGCAG;59,436,116
CATCAATAAG;488,251,498,342,162,100,233,67,74,75,178
GCTTTATGGG;371,221
GTCACCTCCT;332,374,80,346
GCGATTAGAC;448,15,490,427,207,81,433,200,15,483
TAAACGGAGT;347,49,28,13,164,29,148,66
CCGCTTGCTT;21
CCCAGTAGCG;288,266
TTTAGACATC;173,104,290
GGGTTGAGCT;120,440,89,172
CTAATACAGC;333,98,198,265,373,281,5,3,465,68,494,277,299,207,357,118
TGTGAAATCC;26,16
TGAGTAATAC;430,469
TCCCCCGGCC;237,107,437,291
GATCCCCGGT;467
AGAAGGTAGT;246,126,153,332,377,280,134,322,7,217,454,153,101,291,98,77,148,11,10
ACGCTGAGGA;267,349,130,275
ACGGGCCACA;350,65
GCCAGGTGAG;196
CATTATGGGT;66,110,458,357
ATATAGTGAA;453
TAGTGTCCTC;460,494,286,198,452,102,468,56
GATGGATCTG;172,44,58,236,392
AAGAATAAAC;472
GTGGCTATGG;170,273
CAGCAAATCC;489,255,83,217,292,245,105
ACATTAACAG;196,27,98,81,163,144,310,466,13,327,260,404,488,4,256,205,371,244,217,155,374
GCTGTATTGT;272,399,366,81,483,58,25,429,43,478,459,475,351,52
TTGCCGCAAA;63
GTGTTCTAGA;476
GTTATTCGGC;388
TACTTAACCA;12
GAGGCTTTCG;325,150,459,372,226,387,469,275,429
GTCGATGATA;231
GAAGAAGAAC;54,493,290,75
TTCAACCGAC;80,214,477,275,418,383,162,260,248
TCGACTCCTG;137,244,382,499,166,193,439
TACCGAAGGG;288,329,311,215,399,365,176,143,338,250,255,497,305
CCCCGTGTAG;475,414,475,495,498
TCATTTCTTT;235,220,301,232,197,431,296,180
ATCGGTTACG;28,262
CCATTGTGGA;123
TGAGCGTCTA;442,175,114,341,360,249,272,303,34,75
GTGCCAACTT;405,219,93,257,172,447,290
CGCTCTGCTT;257
TAAGCTCGTT;437,302,486
TAGTCCTAAA;275
GCACAACCGG;355
GCCGGCAGTC;385,151,71,323,478
AGATTAGGGA;100,259,382,180,221,438,401
GTGCGTCGTT;424,97,3,497,87,373,446,282,325,107,50,358
CCTGAACTCC;145,119,158
GGGCCTACCC;143,355,309,285,65,138
GAATCCTTAT;253,221,64,358
GCCCGGTAGG;244
AGCTACTGCC;287,284,174,136,8,57,288
AAGCTGTTTT;121,319,454,383,187,346
TCATATGCGC;222,210,297,445,484,276,190
ATTTCCGGTC;389,473,307,443,237,23,60,58
CGTGGCTCCG;199,122,255,448,150,11,341,315,256,225,438,362,498,335,97,62,414,257,424,221,252,178,264,49,219,327,116,496,73,108
TATGTCCGAT;457,204,234,53,418,474,236,283
TCCGCCGGAC;312,198,278,101,271,32,485,294,316,427,485,395,141,249,105,384,158,318,345,427,368
CGCAGTGTCT;452
CGGCGTTGTC;52,176,97
TGGTTACAGT;313,416,468,88,131,454,472,380,390,169
CGTATTAGAG;321,466,233,65,245,324,270,233,315,343,268,320,11,199,78,272,184
CATAAGGACG;261,310,438,257,264,56,399,456,133,435,240,399,277,46,170,146,323,258
CCACAGGGCC;432,332,37
ACCATTGTGC;194,64,72
CCGCTCGTGG;27,48,498,209,226,351,438,166
GCCCGTAAAA;10,86,253,286,322,357,59,116,219,360
TGCAGTACTG;57,457,95,48
AATACAGCCG;316,175,238
ACAAGAACTC;247,462,114,213,249
AACGATGAAA;194,158,370
CTTTGGTGAC;134,114,468
ATGGAGCCTT;345,328
CCCCAATGAA;492
CTCTGCGATC;45,79
AGATCAGAAC;171,439,358,456,489,453,39,213
CCGATGCCCG;90
ACCCGTATAG;17,249,280,465,56,179,401,161,113,412,244,428
CGGAACACGA;457,371
AATTACGGGG;329,87,257,5,174,341,15,302,246,218
GTGTCGCACT;177,438,49,356,73,4,246
TCGTCGGACT;310,103,145,277,160
GTGGATCGTA;345,196
CTTAAGCCTA;78,137,106,249,247,21,371,20,278,250,281,247,277,370
CGCCGGCTTG;58,478,20,184,307,189
AGTCGCCGAC;145
CGTACAGGGG;178,270,80,12
TCATCACGAA;189,176,411,244,63,357,39,19
CAACTTTGAG;83,459,259,391,300,270,88,366,265,392,27
TATAGGATTC;67
CCAATAGGAA;282,47,164,50,319,129,241,422,196
ACACACGATG;201,319,64,204
CATGCAGAAG;260,156,396,484,247,20,280,23,88,277,365,304,342,194,402,74,202,130,187,435
GCATCTCGTT;452,253,273,170,193,253,421,117,292,90,39
CATCTTTTAG;237,355,473,486,217,359,477
GTCAGGTACA;271,467,173,159,461,107,93,195,306
GGGGTGGTTG;271,145,327,335,36,56,158
CGGAATTCAG;269,448,391,62,273,55,82,139,44,307,317,138,484,315,232
AGGCGTTTGC;264,116,342,101
GACTCAGAGA;161,236,285
TGGTACATGA;486
AAAATCTTTC;72,490
GGGTCTGTCT;190,145,490,251,449
CTAGTCCACC;125,27,476,316,347
TATAGTTATT;214,11,246,433,408,442,17,192
TGCTGAGTGC;451,433,29
TCGAAACCAC;137,119,246,70,62,82,32
GGAGCAGCTC;468
CAACACCATC;172
CCCAGGACTG;108,354,132,209,67,399,482,296
AGAGGCGCCC;274,415
GCATTCTATA;89,89
ATGCCGACCA;92,184,381,135,171,336,232,343
GGCATTTTAA;97,317,377,292,109,107,418,254,110,481,71,281,157,434,492,224,199,332,487
CGAGTTGTCA;52
TCCCTCGAGA;136,121,101,353,114,495
CAAGATCCCC;43,33,26
AAAACGAAAA;138,320,72,48,28
CAGACGGAGT;196,407,358,350,100,473,272,179,449,132,319
ATGGATTGCC;161,226,187
GATCAACCTA;218,227
CGATGATAGA;485
AGAATTGCAG;182,3,3,257,346,11,136
TACCAGTTAG;479,172,74,218,230
GAATTCTACT;207,178,305,61,223,208,262,41,253,145,342
GACACTTCTT;231
GTGATCACTA;158,303,307
TGTGTGGGAA;57,491
GTTTAAGAAG;263,65,317
ACCCCCGTCG;349,141,400,90,438
TTTCCTTGTG;220
AGCTGCAAGG;317,197,436,8
CAGCACACCC;5,272,84,419,3,432,381,252
GACCTAACAA;350,388,323,253,491,343
GGAATCGAGT;87,343
CGAGCTTAGG;33,296
AATATGGGAC;131,281,375,455,319,37
GGATAGCACA;43
GCCCTAAAGG;191
GATGTCGCTA;165,11,160,80
CAGTAACCTG;14,301,277,368,288,448,239,449,397,196,114,363,379,18,339,356,288,7,285,175,331,174
TATTAGGAGC;389,111,6,455,355,374,322
AAAGGAGGCT;288
GGGCTCCCCG;103,134
TGCCCACGAA;164,91
TGGCCTCTAG;54,246,172,115,26,363,485,432
ACCGGTTAAT;232
ACTAGACGAT;68,113,444,424,198,3,483
AACGATTCAG;461,12,270,94
GGTCTAGCCG;147,221
CGCTAGGGCC;291
CGATGAGCCC;287,157,160,76,249,427,489
TAACCTATGG;164,348,176,169
TGACCACCGG;367,24,349,209,304,347,136,78
GTCGGATTGT;433,499,193,192,404
CAGTTGTTCC;373,274,241,456,406,203,20,236,234,138,60,61,68,267
GAACGGTCCT;148,198,15,34
CCGGTATAAA;95,18,88
AAATTTGTGA;336,379,490,412
AGTTATGCAT;444,452,40,330
GGGCCTTAAT;155,285
TCAGAGCGTG;387,211,391,308,255,329,40,135
GCCATATTCT;239,445,419,233,117
ATTTAATCGA;174,394
AAGGTGGGAA;9,315,384,42,325,102
AGATGGACGC;45,408,48,112,54,349,39,125,39,496,471
CAGAGTTCAC;239,312
GGACTGGGTT;495,326
CTTTTCTGTA;96,256,196,446,251
TGCAGACCTG;27
CTATAGGCTA;8,20
GAACACCTCG;308,64,255,323,329,444,490,417
CGGTAATGTC;196,322
TCTAGGCGGG;159,176,461,409,104,256,448
GATGTCGGCT;400,29,307,476,267,56,434,264,16,328,383,197,123,253,313
ATCTTTCGTC;374,357,315,140,218
TCACCCGTGA;254,132,11,473,314,492,1,230,3,10,140,216,416,134
CAGGCAGTAA;183
GTCGCAAATT;220
TAACATGCAG;211,414,337
TTCGCGGAAG;102,287
GCATCATTCG;99
ATCGGAACGC;98,407,69
CACTTCAACT;146,141,447,10,312,292,311,82,402,25,314,73,139,366,325,212,226,420,309,235,311,51,439
TATAATACAT;343,152,380,66,314,122,261,407,281,59
GTATACCACC;40
TATATGCGGA;329,40,319,159,445
ACATAAGTCG;390,426,475,249,249,451,26,472,78,423,322
AGCTATGAGT;400
ATAATTACAC;41,471,209,198,260,87
TAACGGTATG;313,171,114,369,273,256
GAATGATCGA;268,176,48,366,372
TTAACTCTCA;262,54,230,25,200
ACTGGTCGTG;380,143,215,211,433,142,471,345,400,14
AAAGCGTACG;90
ACCCTTTCTT;245,296,277,180
CCCGCGAATA;437
GTGCAACGGC;115,386,251,427,323,270,340
GTTGATGAAC;375,31,176,138,424
GTTTAGGCAC;478,390
TAATAAATGA;101,26,226,63,481,325
CTTGCTCACG;292,150
ACCAATTCCT;117,200,24,419,474,218,431,401,16,446,437,128,280,338,291,407,195,266,450
GACTCCAAAG;496,391
TCTTGAGCCG;480,334,39,98
CCGTCCAATG;204
CCCGCATTAA;397,188,452,372,357,368,94,348,189,10,333,489,69,379,15,360,227,477,337,180,123,481,311,438
GCAGCAGACG;80,209
TGTAGGCTGA;102,331,343,263,368
CAGCCGGCCG;463,44,75,396,62,266
TGGTATTCAA;311
ATAGCGCCTT;228
ATTTACCCTA;296,78,126,341
GTCTTAGCCG;276,131,428,253,311
AGTAAACTCC;377,490,84,325,304
TCTGCACATG;257,440,74,347
GACACCCACC;125,478
TTCTTGTGGG;459,205,282
TGACGCTTTG;229,131,203,98,170,341,271,362
CATTTGGGAT;262,258,183
TGGATAACTG;466,387
TGCGTTAAAG;144,55,463,322,62,205,2,305,394,196,14
ATACCCACGT;348,389
ATAGGCAGTT;157
CCTCGTTCCG;284
GCGAGCCACG;149,253
CGATTAGGGC;105
TGCGCGTGGT;474
GTCACTTGCG;278,115,357,458,98
GAGGAGTTCT;217,481,139,140,84
ATTGGGACCG;213,442,474,315,226,82,3,176,490,276,473,157,178,39,146,268
AAATTTCACT;264,442,491,289,197,78,224
AAGTTGCACC;148,0,146
ACTACCCTCT;481,445,307,191,376,367
TGGTTGCGAC;278,499
ATGTAATTAG;293
GCGAGTGATG;251,46,362,166,438,86,405,79,110,167,288,481,434,186,338
GCGCCTGGAT;188,272,447,417,154,386
TACAATTGTA;309,356,334,138,241
GTATTCGCTC;219,52,362,378,165,262,331,56,14,5,304,308,5,82
CTTCTTCTTC;241,49,338,27
GATAGATCTC;284,434
ATGCCGATAC;343
CTAATAATAC;315,163,170,154,444,133,381,455,315,249,230,207,129,402
GTCGCAAACT;239,266,30
TTATCCTCGT;248,372,344,311,458,268,15,171,42,359,72,297,3,213,82
TGACTTCTAC;9,104
GTTCCTAAAC;47,13
CGGATTCCGA;326,378,319,409,421,197,62,421,90,352,485,431
ATCGTTAGCT;275,265,170,489,176,237,471,496,181,7,48,138,90,184,167,2,372,175,345,261,365,131
GTGACGTGTG;345,206,426
TAAGTGCCGC;304
CCAATACTGT;18,12
ACTCCCCGGG;134,76,39,74,77,107,368,336,141,455
TACTTGTTCT;356,409,46
CCACGGATCT;405,405,267
ACACTTCGGC;74,233,299,186,89,39,33,260
TCGCCGAAGT;156,76,360,357
CGTTTGACCC;453,410
CTCTACGATG;110,295,117,171,397,458,143,72,199
AGGACTAGCA;184,324
CATGCCAAGT;324
GAATGCCCAT;410,70
TGTAACTTCA;217,88,86,368
ATTGATCGAG;135,125
GTCGCAGTAA;118,481
GACGCGGTTA;104,270,415,358,299,318,199,362,300,498,378
TCGTATGAGT;363
CCTAAGGGCC;295,77
CTCAGAGACG;388,273,196,187,64
CATCACGGAA;458
CCGCGGGTTA;189
CTGGTAAAAC;483,18,21,378,256,325
GAAGATTGAA;296,223,285,429,415,490,42,189,7,417,333
TAGCTCTAGG;285,338,214,149,157,223
CTTATGTGGA;199,109,250,61,267,257,165,454,167
TGCCGGGCCA;256,434,193
CTGCTTCCCA;308
ACCGGCGGTC;11,370,259,166,496,320,185,152,456
TTACCTCTGG;69,462,56,322,414,355,409
GGGTGCAGGT;284
TACGGGCCTT;238,265,91,195,0,348,305,465
TGTCGTCATG;51,128,407,342,218
GTCGATTGAC;341,190,253,110
GCAGGATCGA;336
GTTGGTGGGT;125,121,426,384,170,170,447
GATCTCAGAC;42
TCAGTCCGTA;353,339,103,234,120,236
GTCGTGTCAA;435,31
TTGGGGCTAA;305,452
CGGTCAGAAA;480
TTAGTGGATA;137
GTGACAGTGT;324,295,418,173,326,10
TACAGTTGAG;61,21,139,235,58,19,152,327,373,254,201,255,377,268,289,456,241,278,276,202,121
TACGGTAGCA;71,415,237,248
CATTGAGGCC;189,204
CAAGACAAAA;384
TCCTTAACCA;241
CCTACGTGGC;131,406,90,372,310,119,384
CTGCAGTCCA;391,406,120,75
GCCTGGTACG;209
ACATCTGATT;130,286,459
ATGGTAGCTC;363,457
TGCTCTCGAA;431,323,481,257,69,181,207,393,473,120,254,81
TCTGGTCGCA;254,438,321
GGTGGCCGCA;31,368,16,133,394,421,41,26,155,38,382,221,92
TATAACGCCC;20,464,139,200,114
TCGTACGAGA;415
ATAAGGCGGA;493
AAGCCCTCAC;85,259,387
GTAACGTGAG;323,39
GATCCGATTT;4,282,366,175,291,303,431
AAAGCGGCGA;404,117,181,299
GTTCGGGACT;296
ACCTAGGGAA;344,249,157,2
CCTATTCTTG;7,333
TCCTACTCCA;321
TTTAACTTAT;102,16,101,488,457,494,424,291,393,214,220,373,490,178,232,474,360,48
GTACCAGAGG;0,242,29
TAGACGTTTT;88,283,69,169,360,15,493,138,80,220,127,27,55,97,476
TAGAGTCTGT;197,38,55,381,182
GTACCTCTTA;383,125,113,279,301,212,89,377,113,29,467,426,3,5,301,128,77,154,416,132,83,101,371,463,294
ACGCAATGGT;36
CCATAGAAAG;89,301,158,10,123,388,332,188
GTGCACTCCG;288
GTCCTGGGTC;276,453,316,163,352,418,308,310
TATAAATGTA;147
GAATTGCCCC;238
GGAGCCACGA;114,168,365,401,90
ACCTGCATCC;383,332,213
CTAGTCTGTC;36,399,61,263,290
GTTTAGTTAA;382
GGTGTCCTGT;16,262,25,303,116,439,408
AGCAATCTCC;336,112,334,361,341,265,60,60
AAGCGGCCAT;205
CAAAGTCCGA;160,132,115,72
CCGTGAGCCT;216,160,365,167
TGGCTTAACG;85,334,41,352,208,2,368,303,340,94,194,66,396,369,436,457,256,416,456
TGACAATTGG;86,89,346,450,155
CGCAACGAAA;23
AGGACGTTCG;358
