ATTATGGGCC;509
ATTACACACA;197,194,127,439,491,282,480,391,341
CTCATCGGCT;31,548,52,449,187,310,361,95,69,399
TTTACAATGG;185
TACTGGTCTT;37,395,481,576,589,442,364,338,69
AACATCTAGG;356,236,404,537,273,319
TCCCTACTTT;280,534,171,447,229,282,146,228,463,317,7,555,421,513,487,466,296,110,114,508,138,327,555,51,23,142,134,178,160,375,127,392,430,452,542,454,505,552,206,556,63
GTTTGTTGGG;193,52
AGTGAAATTG;300,503,507
GTGGTTTGAC;238,576,389,47,554,252,399,447,395,405,116,380,311
AAGCTAGCGT;463,118,236,47,224,426,500,487,113,119,400,389,547,530,522
ATATCTCACA;260,235,266,281,177,252,55,260
CGCAAGCAAG;390,450
GGGGTATCCG;269
GTACAAGCTG;552,563,77,447,585,144,281,224,217,499,36
TATCCCCAGA;258,246,272,530
GACTCATACG;535,78,416,386,390,555,110,439,233,92,227,287,526,404,192,371
CTCACGGTTA;18,385,400,430,479,87,489,331,157
CTAACAATCT;304,513
ATATCGGGAG;426,250,465,87,90,509,172,292,162,181,73,336,547
AGTGTGCCAG;178,188,574,96,281,414,19,269,518
GGGGAATGGT;309,159,456,136,377,443,64,557
GAAGGAGGAA;563,114,88,242,511,139,445,555,383
CACGAAGTCG;444,508
TTACTCCTTG;483,180,118,335,280,518,571,504,356
CGAAAACGGC;311,97,425
TACCCAGTCC;309,543
ACCACAACAC;47,16,219,302,213,565,518,434,32,539,499
GGTTTGCTAT;75,119,152,56,288,130,479,207,111,241,182,283,506,357,466,74,494,331,394,94,44,212,307,580,150
GCAATCTCTA;178,292,592,359,529,330,119,14,248,1
TTAAAGGTCA;259,67,3,489,288
GCCTAGAAAA;137,271,361,88,284,42,72,322,204,155,201,267,250,386,213,115,380,34,339,453,582,500,382,48,137
GACTACCCGT;383,191,167,371,256,221,233,306,423,33,355,217,183,19,296,323,161,91,250,21
AAGCCCCTGA;593
AGAGCGGAAA;369
AAGATCGTTG;141,184,135
TCGAATCAGC;599,288,109,128,587,443,329,97,513
GATATAACTT;300,502,404,199,83,227,446,580
GATTTCACAA;366,444,26,485,74,296
GAGACGAGTA;544,374,354,19,394,527
TGGTATCATG;97,341,309,121,303,551,453,128,240,550,308,105,528,326,259
GTTATTATTA;127,37
TGACCACTGT;474
TAGTTACTAC;76,317,449
ACCAACCACC;580,297
GTTTGGCCCC;213,539,115,277,21,594,552,366,206,112,69,169,515,43,335,270
CGGAAGTGGC;37,276,101,423,223
GCAACAGAAC;342
CGAAGGGCAC;33,326,298,138
AGATCTGATC;182,322
AAAATATCCC;186
AGATAACGTT;556,496,490,267,174,428
GACGCTGGGT;550,158,73,78,63,515,360,251,453,121,203,527,247,307,90,564,467,152,394,585,287
CGCCGTTGAC;562,38,552,176
GGATCGATCC;562,95
CTAAAGAGGA;112,78,470,555,6,242,464,145,332,377,587,366,542
TCCGCCAAAT;171,456,91,316,451,504,415,485,343,157,502,209,323,417,403,395,391,302,599,6,288,322,433,181
TACGCCGCCG;404,519,509,284,333,143,40,188
GCACAAAGGT;313,201
AAAGGTCCGT;241,93,147,470,116,261
CGCCCCGAGT;491,146
TCGTGTAATC;455,240,463,250,506,128,426,426,246
ACTAACAAGT;118,409,92,537,450,533,568,353,554,267,471,197
CTTTTTCCCC;106,310,29
ACAGTATGTC;571,433,552,203,113,212,257,223,440
GCTGAGTATT;384,228,441
ATGGTGTCCC;158
GGAGTAGGGC;249,355,584,148,373,566,213,304,495,110,555,6
ATCAGCGCCG;472,307,313,427,54,356,485,357,220,137
ATGGGCTTTG;507,81,53,294
TAGTGTCATA;59,393,263,577,118,271,254,340
AACAAAGCGC;136,184
TCCAAGTGTG;110
CTCTAGTAGG;237,317,169,222,417
TATGCCAGTT;504,202,131,60,133,117,508,326
TTTGCACGGC;390,129,167
TAAGTCCTCC;139
TCCTTTAGGT;227,317,276,332
GGCTAGCGAA;148,336,488
CTAATAGCAC;146,187,483,79
TTGCCGATGT;333,230
TACAACTTCC;453,14,338,453
AAAGGACGCT;362,319,356
CGGAACGATT;111,533,420,535
ATACAGAGCT;470,371
AGACTACAAC;319,24,356,576,29
GGCAAGGGTG;33,112,288
CTCTGCAGGG;476
AAGCTCGGGC;43,89,207,469,178,420,311,552,473,304,360
CAAACGGAAA;554
CCGCGAATGA;372,169,36,290,432,403,40,109,339,321
CCGGGAGCGG;139,395
AGATCACGCA;345
GATTGGAGGG;228,371
CGCACGCTAT;48,180,358,328,510,61
CAACCAGTTT;325,294,120,298,225,370,595,377
TTGGTGCTGC;526,341,146,536,128,488,158,300
ATGATAGTAA;343,47,388,579,154,309,568,349,512,508,9,92,294,345,419,284,467,359,444,71,348,476,73,199,83
ATGTGAGGTT;453,77
GGGGTAAAAA;32,254,578,297,395,187
TTCACACGTC;284,310,329,341,264,366
CTTAGGAAAT;288
ACATTTAGGT;527
CGCGTTAGAT;260,383,379,304
TACATCGGAA;225,553,378,93
ACTCAAGGGA;453
GCAGAGTGAT;53,506
CATGGCGCTG;591,430
GCCTTGTTGT;169,293,358
ATTAGGACCC;192,177,399,429,165,452
TGCCGTGCCA;52,457,551,77
TTCACCCGCA;368
ATGCAGAGGA;82,306
CAACAATCTC;541,412,594,390,89,388,596,194,269
TGTACCGTCT;370,560,163,297,403,45,347,41,84,590,345,478,508,426,181,525,99,448,425,539,595,465,252,14,469,467,481,591,25,170,351,545,131,201,190,530,402,352,291,578,512
CATGCGTACC;468,149,508,300,118,540,581,114,578,331
TGAGCATTAT;573,409,37
ACTCCCTTGT;12
ATAATTCCTA;458,397,538
CGGGCATGGT;574
AGTCGTTATG;495
GATTACCCCT;104,457,128,78,523,551
TGGTGAATAC;83,476,177,272,397,589,353
CGCAATGCTG;520
CCGGTCAAAC;576,177,508,164,404
TGCGACCGAA;210,457,560,558,71,226,61
CAACATAATG;475,561,529,408,378
TCAGAAGGAG;8,257,268,361,285,214,550,589
GTCTTAAGAT;72,571,578,427,302,190
TATCTGCTAG;92,141
ATAAGTACCC;485,250,290,172
CGTGCAGGTT;541,381,38,519
CACTTACTCG;294,234,145,492,588
TAGAGTACGA;229,400,199,5,488,168,83
CGCCAGGAAC;327
TGCGCATAAG;498,51,8
TGGCCAGACT;268,490,426,46,125,533,351,409,152,178
AGACCGTGAT;397,101
CGGGATTTTA;55,485,201,563,526
AAGTACACGC;489,483,409,474,125,305,526,2,408
CCCGCTAGTT;289,536,220,278,415,95,163,20,325
CTCTGCTGAC;241,124,374,71,295,562,524,536,118,425,480,472,104,392
CCAGGTGGGC;123
ACTTAGTCAA;567,457,399,331,79,496,138,444,220,419,255,93
ATCGTCGTCG;348,436
GATTGATCAT;161,107,61,354,314
CCACGCGCAC;99
CCATCTCGCT;296
AAAATTTACT;361
TAGAGAAAGT;194,379,40,553,528,263,4,201,92,135,201,501,488,219,534,473,10,249,351,146,52,42,540,50,447,431,47,52,365,198,309,176,125,167,466,406,13,65,381,110,539,572
TAGACACCGG;459,519,89,44
GCTACAACGA;522,192,449,140,154,434,216,496,228,212,361,85
AACGGACCGT;288,528
AGTTGTTAAC;523
CATCAAGATG;199,474
AGTAGATTAG;273,500
GGCGACCGGT;92,101,570
TTCACCTACC;112,134,194,275,575,510,115,302,316,64,462,266,396,563
CGCCCAGTCC;205,507,350,220,14,279,487,118,488,172,591,298,144,386,382,234,89
TTGCCTTTTG;440,160,335,274
CCATATATTT;390,217
GGCGGGTGCA;459,395,573
AGTTACGGTT;417,92,44,426,417,278,404
CTCTCACCCT;264,567,96,221
ATTTCGAAGG;228,60,148,469,378,543,488,179,294,185
TCACGGATTA;329,499,486,510,88,195
GGGAACGAAC;29,268
GTGGGTTCAA;413,305,233,325,368,437,173,259,111,380,204,395,343,40,567,427,275,584,146,363,431,532,20,99,55,399,433,565,33,353,492,249,157,419,307,441,584,348,400,82,449,199,44,287,103,143,390,326,575,514,483,279,251,384,18,377,521,208,598,97,49,552,598,16
AAAGGCCGCT;583,8,563
TCCTACTCGG;391,412,415,578,504,572,474,432,115,388,548
TGGTGGACAT;78,435,20,348,545,262,519,122,185,544,152,396,366,83,549,568,271,327,541,455,577,47
GGATAGTTGT;320,125,453,431,278,401,378,180,282,42,204
CAAGATACTT;160,252,568,520
CTAAACCCAT;538
TGTCAGAACA;198,71,274
CCGCTGTTAG;103,452,6,497
TGTTTCGCAC;229,521,182,452,1,49,166,232,239,427,323,449
ATATAACTCT;170,213,498,493,40,180,549,108,185,182,347,460,478,167,252,353,51,30,56,398,476,8,175,273,17,157,129,203,407
TTCGTATGCG;444,597,339,203,265,37,415,278,177,422,4,536,17,175,202,169,133,495,43
AGGCGCCAAT;86,264,493,432,218,93,305,308,318,204
GCTTTACCAA;468,539
ACCCAGGCCA;227
GGTCGTGAAC;547,0,573
AGGTCTAGCC;447
GGTGGACACA;580,373,328
AAATGACCAT;46,502,537,65,168,358,225,182,224,81,546,308,530,229,554,188
TGGAGATGTG;5,481,565,122,109,494,596
GTTGCCGCTC;284
CAGGCTTCCG;389,577,481,245
TCGCTGAGCC;52,236,368,478
AGCTCTTTGA;33,251,244,255,169
TCAGTCAACC;13,464,388,144,265,8,141,479,145,93
CCGAAATGCT;106,575,555,503,42,400,364,89,171,53,336,353,317,222,489,180,387,194,424,281,11,396,186
GATCTACAAG;331,584,376,58
TTGAAGCCTT;363
CAACTCATGA;522,479,335,51,482,267,460,86,271,416,308,223
TCTTCGATCT;11,542
GCCTGCCAAC;3,199,236,558,54,372,452,135
CACCCGCCAC;83,176,581
ATCCCTACGG;453,466,401,210,452,400
GCATTTTATC;582,523,568
TAGCGGAGTA;29
GGCTATGTGT;67,576,497
GTGTGACCTC;371,275,568,541,299,91,212,305,312
GTGGAGAGCC;359,399,296,254,219,126,272
TCCATATGTG;547,58,338,94,269,157,109,122,520,164,599,551,77
CAGTCTAACT;173,279
AGGAATCCAT;55,143,220,494,464,462,288,461,113,248
TGTCTTAAAT;255,411,52,57,303,559,22
GACTGGCGGC;465,263,347
TGCCGCCCGA;269,517,501,413
CCACCTCACG;465,290,175,167,142,483
TAAACGGATC;79,331,27,144
AGCCTTCTGG;79,236,200,417
GTAATGGGCC;475,144,565,371,51,496,585
CTATCATCAC;287,217
AGGCGATTCC;305,383
AACCTACGAG;43,22,399
CAGTAGAGCT;52,97
ACATAGATAG;379,515,588,444,353,13,528
CCTTTAGTTG;307,315
GGGTGTATCC;557,230,390,123
GATGCAGGCA;472,512,291,173,290,202,136,101,191,376,64,359,205,541
GAAAAATCAA;80,416,508,599
AACCCATACC;40,205,482,247,440,544,252,593,430
AAACTATCTG;459,558,433,314,516,434,62,296,30
GCGTCTATGG;1,123,337,380,251,324,273,521,181,521,499,470,557,574
GAAATAAATA;252,442,56,305,347,428
CGCCTGGTTC;595,527,424,408,400,24
TAGAAGATGA;254,41,167,346,523,16,188,464,522,380,358,402
CAAGCCTACC;166,430,319
CCTGTTGGCC;348,588,291,113
CCATGTAATT;396,115,376,87,304,153,6,21,209,366,137,241,295,92,347,433,597
TTATCTCATT;378,56,136,243,83,331,251,130,582,18,176,323,165,333,23,527
ATTGCGGTGA;61,154,423,28,16,144,267
TGTTTTATTC;514,75,53,349,548,507,357
AGGTGCAACA;479,431,29,175
CTAGGAAGAT;339,235,471,68,51
GCTCGACGCT;308,316
TTTCTTTAAA;592,128
TATTAGAGCT;150,330,586,355
GTCTACTCGC;20,488
TATGAAAGTG;431,496,56,239,206,174,426,390,88,205,523,402
ACATTAGAAA;180,131,50
ACATCCCCGT;39,197,312,53,532,186
TCAGTTCGAT;573,105,313,450,484,48,598,304,532
CCACTACTGA;332,225
ATATTCTTCC;522,351,424,262,57,242
CAACTTCACA;7,400,566,326,330,42
ACCATGGATG;15,483,279,558
CGGGCTTGTA;92,206,31,356,232,260,91,111
CTTCCACGCC;325,562,245,552,377,32,346
TATAGGGCAG;279
TCCGACAGAA;541,185,125,196,381,535,482,576,501,448,206,185,373,103,59,170
TAGCTGGTGA;269,524,244,453,145,285,285,528,9,421,573,49,377,260,545,504,599,434,144
CCGCCGAGGA;562,235,160
GCCAGGTGGG;217
CCATAGTGAG;389,366,150,418
TAGGATTTTT;349
GGCGCAGGAT;236
TTTACCTTCC;562,255,443
AGTGGTTCTA;295,121,172,579
CACCCGTATA;360,371,77,590,577,451,525,296,583,564,453,336,227,425,538
ATGGGCACGT;461
GCTTCAGGCT;180,433,137,277,272,275,551,209
TCAGGCCCCA;560,99,292,412,573,350,586
GTGCCACGTA;323,443,38,373,210,483,361
ACTAGAGAGC;364,482,254
CCCACATAGC;594,243,71,232,384
GGGCTGTTTC;102
CTAGGTTGAC;27,447
AGCACGGTGT;83,411,252
GGGTCTGAGT;459
CTCCAATGAT;194,554,305,397,524,359,141,188,564
ATGTGCCCCG;116,104,240,143,273,90,243,366,422,115,382,369
AGGGGGATGC;546
ATCGCCTCCA;494,545
CCACCTCCGT;483,541
TCGTGAGCTT;189,430
TGGACAGTGA;282,520,362,268,430,420,452,178,65,570,443,68,252,360
GAGCAATACA;195,445,518
TACCCTGGTG;358,249,142,24,311,588,555,362,500,34
ACACACGGTA;185
TCATACCCCG;532,121,216,103,178,75,480,217,169,284,571,561,14,297,572,154,96,125,499,268,76
GTGGGTCTTA;52,440,89
ATTCCGCTTC;193,534,177,274,252,137,91,527,160,324
CTTGCCGCTA;417,540
TCATGTCTCT;125
GAGAATCCAC;292,144,310,365,509,316,64,167,355,475,577,482
GCTTGGACCT;39,211,352,402,132,8,268,422,275,54
ACAAAACTTG;49,64
TTTTCTTCGC;175,474,112,246,261,224,295,568,186,231
CGCCGCGCAT;71,462,402,179
CACCCGTGTA;188,186
ACCCCCGCTG;65
TTGTAGCTGG;165,535
GGACCGAGGC;212,255,67,452,444,233,482,592,109,92,217,45,492
CTTCTGTTCC;429,346,20,254,505,118,44,25,189
GATCGAAGGC;205
CAACGCATAA;299,353,475,380,455,235
GCCGCCTTCG;407,348,577,192,54,122,381,23,354,152,348,464
CACACAGGTC;394
CCTCAACACT;439,165,78,169,491
CACCGTACAC;311,433,419,51,479,512,164,536,276,361
TCCAGTGAGC;522,102,586,533,309,577,310
TTTTTGCATC;5,243,593,494
GGGTTTTAAC;446,474,97,472,568,310,599,116
GAACTTACTA;129,260
GTCGTCGCTA;377,289,558,339,61,319,353
GTCGATTGAG;319,564
CGACATTTCG;42
AGGATTCCGA;464,38,593,397,487
TCTGAATGGA;522,204,356,244,585
AGTAAGACAC;532,146,119,359,443,3,563,445,102
GCTGTAGAAA;545,173,9,97
CGGTCCAAAT;458,449,468,383,307,266,58,560,427,298,106,148,595,578,447
CGGGTCCACT;362,359,296,455,527,427,502,129
ACTGTTTAAC;185
GGTACTACGC;310,201,233
GTAGCTAGGC;330,398
CCTCGTTTAC;177
TGCTAACTCC;410,328,133
GCTGCTGAGC;394
CGTGCTCCTC;343,406,63,143,249,562,86,478,214,415,513,493,38,171,246
CCCACCAGTG;58,429
TAATGGTAAC;102,507,465,597,188,93,320,381,115,572,149,258,151,431
GAGCGTCAAA;162
TAGCGTCAAT;48,16,96,498,404,226
AGATACGCGC;237
TATTGCGCAA;115,20,281,430
CGTTAATTTC;255
TCCAGCCCCA;585
GCCTACGTTA;208,204,32,213,369
GGCTTAGGAT;225,433,62
ACGATACTAA;171,330,37,499,104,336,259,320,90,590,525,547,491,591
AGGCGTTGTT;75
GACTTCTGTG;336,257,39,30,204,512,372,219,510,56,230,563,273,525,51,404
AATGAAGGAT;306
CGCTCATAAT;515
AGCAGCTGGA;509,423,364
AAAGGATGCA;395,30
AGCGCACTCC;6,293,353,123,393,456,214,507,498,47,297,255,402,196,334,120,61,426
AGGGTATGTA;63,588,81,174,304,447,282,533,196,244,551,225,199,476
CCTTAATTCC;181,307,199,53,215,441,14,263
CATGTTATGA;524,386,205,227,510,129,170
GTCGAAAAGG;247,413,307
CCGAGCTTGG;111,485
TAAATTGAGT;9,327
AGGTTATTGG;417,64
CCATGCCTGG;278,534,533,314,258
GCGCCGTAGC;195,135,113
AACCGCTTTG;201,161,155,320,552,356,114,184,18
AGACACATTC;505,399,183,551,45,557
CCGGCCATTG;312,436,255,266,473
GCCGATTTTC;104,396,288
GGATGCATGT;116,497,231,508,69,219
CGGACCCTGG;164
GTTCATGGGT;508,92,225,104,132
CCCCTTGTAG;81,29,494,517,205,241,363,371,532
AGCACGGAGC;592,253,311,158,147,533,425,273,549,282,15,165,583,49,202,499,200,352,119,430,191,388
CGGTTACACT;279,74,373,510,295,436,158
AGACACGCTA;367,123,172,132,91,213,86,463,107,274,144
CTGTATCTTT;25,515,424,518
GTGGCGTGGC;558,417,576,335,270,122,140
TCTGATTCCT;439,59,484,316
ATTAGCCTTA;141,152,236,536,189,235,173,597,343,398,132,473,112,376,215
TCTTTTAAGG;27,478,227,84,19,176,49,485,409,155,217,197,563
TGCATTAAGA;270,11
ACGTAAAACT;553
TTTTCAACAC;520,123,295
GCTGGACAGT;520,55,458,326,573
ATGTTAGGCG;474,563,450,506,291,317,265,24,568,526,247
GGCGCGCCCA;546
TCGTAGTTCA;489,320,6,550,76,553
TTTGCAAAAG;23,367,63,453,321,331,532,449,257,430,3,345,542,207,132,494,294,572,89,432
CTTAGTGTGC;343,128,564,479,28
TGGTCTGTTA;13,365
CGCATTTTCT;64,234,456,295,398,285
TAAAGGCCGG;52,82
AAGCCTGATG;128,327,260,596,392,2,55,344,234,245
TCTACGGCCA;423,274,417
GGGGGAGGCG;93,9,553,587,210,32,283
TGTCGAGAAA;413,549,353,114,255
AGGTATGGCG;134,575,94,272,208,233,529,594,331,193,422,190
GAAGCCCTTC;478,557,106,147,446,216,182
CTCCATGGGT;108,343,331
AACTGCGGGT;485,29,174,592
CGGTGCTAAC;93,281,431,50,13,97
ATCGGGTGAT;47
TGGGGTCGTC;197
AAGGAGCCTC;140,162,200,419
GACGCTCGTT;420,239,227,526,4,178
GGGATACGTG;127
TCGCATCACG;122,171
TATGTGGCAA;321,424,256,517,376
CTCCGAAGTC;178,353,187,536,395,426
AGCCCCAAAG;336,396
GTTAGTACGC;281,559,307,227,325,104,505,535,495,9,407,240,490,533,486,431,148,481,179,252,437,295,25,374,478,493,507,299,281,202
CGGACTTGGG;40
TAAGGAGGGT;142,400,38,143,465,51,276
ATTAGACAGC;47,488,557
CACACCGAAT;484,444,165,23,105,215,128,173
CTACATGGCG;276,215,323
TGACTCTTCT;93,397
GGGCTTGCTT;275
TCTCAGTGGT;418,502
AACACAGCGA;392,476,291
CCCGCTATCA;323,298,102,386,117,266,267,455,548,254,85,272,152,519,333,322,186,40
AAGCTAGTAT;444,444,537,464,223,227,526,596,101,448,246,28,221,189,515,254,250,202
CCCGCACACC;238,242,60,260,385,135,303,107,286,76,220
TGACTAAGGT;342,235,368,405,294,178,525,368,509,19,49,421,88,209,295,462,405,97,74
TCCGACGCCC;173,495,34,465,527,290,180,414,154,145,372,176,556,271,120,468
CGGCGTGCCA;265,254,502,251,425,398,496,21
AGACCCGGCA;26,351
AAATGCCCGT;158,570,423,419,275,520,462,148,279,317,460
TTCTGCTAAG;441,195,163,227,105,246,459
GCCGCTGGCG;316,406,319,9,147,459,521,549,402,328,523,523,551,244,217,23,338,481
CCACGCCTAC;178,309,25
AGACCGTTGG;262
GTCAATTGAC;367,231
AGTTTCCGCT;20,519,216,565,413,357,549,423,382,467,253,438,423,248,101,255,365,131,418,385
AGCCCGGCAC;481,352,80
TATCTTTCGA;216,542
GGACTGAATT;558,18
GGAGTAACTC;471,331
TGCCTCATGA;268,377,404
GGCGGCCGCG;97,156,402,211,264,29,97,305,328,512,283,489,244,30
TGCCCGTAAC;151,238
GTAATCTCGG;259,231,236,29,474,110,300,119,540,54,28
ATCGTGAGGT;243,303,99,554,281,457
AAGCAGTTTC;11,489,499,449,471,448,207,566,231,260
TACTCTGGCT;24,158,570,262,267,242
GAACGAGGGA;375,591,419
TACCTGGCGA;243,257
AGTACAGTGA;575,478,208
ACATAAGGAA;181,574,536,482,513,482,396,349
CTCGCACAGT;27
TCCGTCCAAC;160
CAGTTTATTT;138,135,395
CTGATGTCGT;277,366
CTCCTCCCGG;265,454,129,6,229
TCCAACTATG;387
GGTTAAGGCG;70,561,452,301,219,246,218,248,529,237
TTTTGGTGTA;16
GATAGTTCAG;47
GGTGTAGTTC;60,58,31,267,88,567,252
CTCGAACCAA;44,52,374
GCTGCGACGT;166,203,414,515,519,254,306,194,396,542,309,157
GGTGGAGGCG;272,496,538,219
GCATTCATTT;122
TCCGGCCTAA;319,407,105,356,326,551,307
TTTCCCTCAA;487,269,427,275,145,107,41,22,355,137
CTACGCCACG;547,555
ATGAACCCTC;100
CTTACTCGAA;529,579,44,217,279,585
TCCAATGACC;517,442,25,227,396
TGAAGGGCAT;375,328
TTCTGTGACA;423,200,215,234,500,45,512,217,277,378,491,57,74,548,285,26,482,167,433,292,321
AATGCTTTAG;78,264,210
ACGCATAGTT;321,52,47,517,538,16,251,31,150
CATTTAGCAG;443
ATACGATACA;594,132,94,259,518,450,61,98,341,117,476,281,327,228,119,422,21
GGACGTACCA;15,503,480,354,112
TAAGTTCTCA;525
ACCTCTCACG;534,154,348,18,27,229,385,313,516,412,593,168,74,246,495,552,370,562,299
GCATTGAAGT;73,137,59,440,31
GCTCTGCCCT;528,424
CGATCGTACT;335,100,399
CTGAAGACCT;129,493
AGGCGTCACA;539,529,252
GGCGCCTCCT;163,55,109,475,590
ACCGGCGCAT;593,395,456,493,591,587
GCTTCTACTT;204,428,61,358,417,351,138,190,310,192,422,152,416,397
TTGCACGGAT;554,447,584,527,269,45,169,423,356
AAGATATTAA;577,160,87
GATCTCCCTG;227,468,259
CACCCGTATC;260,91
AGGGTTTAGT;107,53
CCTGTACATG;328,536,271,313,92
CGGTCGCAAC;310,562
TGGTATTGCA;241
TCCCTAAAAT;75,152,589,302,311,82,225,418,356,319,408,130,432,125,206
TATACATTGT;29,594,164,402,565,56,39,537,337,334,546,288,348,368,496,328,394,477
AACCAACCTT;304,132,119,191,520,340,134,306,177,27,114,333,164,0,292,461,27
TGGTCTTGTA;578,367,487,3,228,407
CAAATAGCCG;178,404,458,302
ACACGGCTAC;360,275,265,10,350,276,481,212,490,151,310,360,470,569
CATCGCTAGT;502
ACCGTCCCGC;154,594,174,50,22,452,512,33,561,544,578,598
CGGAACTATA;97,283,160,558,75,138,419,8,489,96
GCCTTTCCAG;222,20,340,88,113,577,299,371,417
GCCACTCCTG;25,247,331,388,438,101,229,265,284,172,57
AGACAATGTA;55,469,274,212,48,235,564,138,21,439
AGATCTCGTT;107,171,402,259
CCATTTACGC;142
TACTTTTTCT;383,319,326
ATCATCGGTT;362,469,583
CTAAGGGCCG;36,382,594,131,420,224
GATCATGTTA;556,48
AATAAAGTTC;139,236,332,306
CAGTGCTCCA;293,376,405,8,463,513,18,182,467,28
GGCTTGCAGA;229,35,177,294,236,397,438
GATACAAATG;177
AGATTCCAGC;193
TGGTTGATTA;170,186,385,16,131
ATACATCTCC;207,292,213,422,22,516
CGTAGCCTAA;331,47,354
GTCGTTCCTT;543,217
TGCACCCAAC;564,123,457,372,463,496,490,486
TTGGGCTGCA;320
GCCATATCAG;171,45
ACCGCCAATT;135,224,144,439,21
GCAGGAGACT;514,147,359
TCCCCATGAC;311,226,5,247
ATTCGCCTGT;77,573,189
TTCTCCAAAA;42,7,423,140,321,457,470,598,48,360,34
AATGAAGAAA;542,271
TGTCTGATGT;257,446,581,309,372,473,572,115,179,172,342
CGATTACGTC;516
AGCCCCATAG;262,409
TGGTTTCTCG;248,410,298
CCTATGTATG;75,360,497,414,87,49,499
GCAGACTGTA;190,511,492,239,23,186,0,369,391,395,173,363,494,376,410,107,421,25
GCTTTGTCTG;153,224,44
TGGCAAAGTG;284,99,47
CCTTGCGGGA;508,146,74,266
GCACAGGCCC;208,579,484,127,434,0,428,392,364,224,213,309,357,354,15,209,208,568
AAGTTCAAGG;38,274,124,111,594
CCCGTATACT;441,77,510,17,350,72,229,561,499,70,280
GCTTTATGGC;402,568,518,492,594,79,82
GCCACCTCCT;247,506
TTCGCAGCGT;336
GATCAGGTAA;242,376,145,91,34,85,70,46,405,352
CGTGGGAGTC;552,409,595,518,350
GGCGTATATG;192,60,34,499,442,64,233,507,593,570,501,35,195,595,524,139,426,536,19,165,328,313,14,30,152,528,85,339,356,529,470,262,509,580,460,520,588,244,559,198
GCCGACGCTA;509,385,131,414
CGAGGCCCAC;116
AAATTTACTT;86,398,549,369
TACCAAAGCT;31
TGTTTTGATA;55,429,369,321,564,277,485,436,339
CGGAACGCTC;32,360
CCTCTCTCTG;78,70,104,55,566,597,126,34
AATATAAGAG;591,115,273,41
TAGCTCTTCG;554,557,163,11,21,499
TTACCGTACG;278,79,98
AAGCGAGATG;383,453,407,544,62,195,26
GTCCTCACGA;152,334,449,363,104,381,84
TCATCATGCA;598,51,525
GAGAATCCCT;142,176,110,370
TCGCAAAATC;448
GTACGACGAG;81,217,250,509,570,66
TATCGGATTG;272,580,306,52,509,411,346,596,390,119,20,78,108,555,40,243,121,374,5,389,236
TAGCTGGTCC;485
ATCAGGGACT;69,310,516,134,261,389,345,539,202,270,565,392,402,435,117
GCTTGTTTGT;321,106,180
CGTGCTTAGG;434,534,62
GCCTAGCGCG;438,308,353,201,55,285,45,383,503,1,478,213,481,367,240,203,355,338
TGCCGTTGCA;467,87,96,495,370,76,334,439,8,114,453,201,299,567,223,243,339
TCGGTACAGT;424,417,564,323,30,296,226
CCTCGGCCAG;309
TAGCGCTGGT;160
CACTTCGATT;112,82,224,304,419,32,380,491,460,578,570,22,264,67,576,514
GCTGCTGCAC;54,347,365,536,410,570,202,587,286,553,490,76,465,32,421,250,80,40
TCGGGATTGT;51,504
CTAGTCTGAT;420,335,428,581,513,547,224
GGTATATAAA;383
TTGTAGTCCC;537,442
TTCCGCAGCT;233,530,567,171,354
CAGCGGTAGA;385,146,93,128,20,215,452,495,217,52,84,321,542,164,531,464,484,455
CAGGAAATCG;140,247,59
AGCATCGAAA;336
GCTCGAGCTG;41
ACGGCGGATT;83,141,283,388,231,290,460,244,470,301,252,323,561,233,305,385
AAGGTACTGT;26,371,524,51,525,83,304
TCATAGGACA;119
TTGTGTTGCC;490
GGTTTGGTTT;188,482,221,42,29,546,349,98,113,494,567
TTGACCGCAA;262,47,204,274,178,56,532
GAGCCATACC;355,571,522,37,576,244,45,51,281,396,546,384,486,238,442,172,500,324,173,224,516,395,157,50,469,229,119,490,153,114,375,442,340,476,462,209,0,260,423
CTGCATGTAG;260,237,400,504,221,290,116,421,553,118,297,68,417,163
CTCCCATCGG;218
CGCTCACCGT;336,366
GGCTAAGTAG;571,8,392,149,262,8,297,556,184,127,104,330
GTACAGTATC;124,316,77,534
TTTATTACGC;155,504,175
TAATAACGTT;219,420,541,108,186,205,391,0
ACAACGTGCA;563,128,183,440,426,539,395,62,145,370,129
ACATAACAGG;175
AGCCCGCACT;351
AGACTCCTGA;493,471
TCGTAGATAT;480,189,570,114
GGGTATCTGT;64,80,520,162,148,204,539,132
TTTCGTGTAG;284,526,546,467,519,259,536,484,184,297,469,130,223,458
GGCTTTGGTG;137,569,322,539,164,205,178,521,289,276,248,246,313
GGGGCGATAC;256,220,133
GTTGCGCCAT;20
GGTCGCGCGC;32,444,364,45,54,348
ATTTTATATC;266,557
GATCACACAA;257
GACACATTCT;454,437,259
TCGGTTTAGT;340,282,58,406
AGATTTAACG;360,324,328,360,211
AAACTGGCAT;89,121,479,229
AATCATGAGT;330,278,333,27,188,334,46,85,548
ATGATTGGCG;108,118
TGGATATGGC;233
GGTTGCTCTG;53,395,74,181
CCCCGAGCAT;254,312,137,306,478,131,388
TGGTGTTGCC;291,281,471,18
GCGGCAACAC;82,185,319,287,377
ACTGGTCGCG;482,465,386,290,395
TTTATCGTAT;96,566,493,63,7
GATCGGCGAC;112,472,599
CTTGCGATAT;321,269,76,194,444,561,465
GGCAGATGCG;297,430
TACAACGTTC;404,575,577,372,410,566,104,188,255
CGCGAATGCT;112
CTCTACGCGT;285,262
GGGTTAGGTG;289,169,354,179,227,553,412,279,174,408
CGCTCAACTG;49,104,166,543
TGTCAGCGGA;0,468,316
CCGCAACGCC;199
TTTGGAACCA;352,180,100,91,40,578,402,377,551
GTCATGTGGT;40
ATGAGTCTAC;322,446,291,555,101,502,198,84,303,147,78
ATTTGACCTG;456,565,277
GCGGCAGTTC;24,66,280,482,141,210,278
TGGGCTTCCG;222,451,63,286,367,256,174,32,464,276,538,367,427,191,285,79,2,143,172,89,12,385,191,124,504,357,468,342,260,531,8,85
GGGGCCAAGA;112,51
GACCACTTTA;479,544,581,596,260,71,568,158
TGCCTTATTC;241,468,555,274,156,431,275,93,403,91,114
CTGGCCCAGT;101,175,433
TCGTCGGGCC;155,255,125,526,570,247,456,332,360,378,379,106,239,193,170,417,440,470,536,190,57,479,403,435,15,52,237,261
TAGTTGCCGA;542
ATGACGTGGC;399,524,355,477,411,583
CAAATCATCT;359,137,147,208,109
ATCCGCCCCC;240,1,114,64,122,317
CTTCGCGTGT;378,124,574,36
GGCGTATTCC;378,159,91,261,521,185,132,118,537,54,437,138,142
GGGCTACAAG;176,320,584
TCACGTCTCA;376,204,554,372,85,232,164,553,240,507,43,145,166,308,63,398,331
AAATACTGTC;302,388,356,302,61,421,563
AGCGATTTAC;177,123,430,119,352,49
ATTTCCAGGA;446,81,133,258,176,445
CCAATACAAT;191,523,12,140,309
TTACACTCCT;399
CGCGTAGTGG;152
CTAACGCAAA;160,264,171
TCCTACTCAG;424,210
GAGTGGGCAG;499,178,469,397,20,136,588
TCGACAACTC;218,51
GTTATCGTCC;33,325,259,281,255,266,587,334,83,481
AAGAGCTGAG;271
AGCCCCTAAC;54,392,377
GGTCCGCGCG;413,175,188,354,156,358,281,82,107,360,103,577,249,265,90,361,534,161,433,535,515,253,574,599,275,414
CGACTATCGC;263
GCACCGGGCA;544,33,261,98
CTTAGTTACG;435,544
GGTCTGCCCT;40,297,394,188,446
GCGGAAGAAC;94
TGACTTCCAT;40,314
CGCAACCGGA;278
ACAGTTTCTC;207,580,435,321,147,323,104,251,587,325,151,459,289,111,265,267,583,598,215,227,468,127,511,463,48,471
TACACACTTA;371
GAATTAGGTT;497
CCATAGCACG;226,404,148
ATTGATAACG;213,188
AGTTCGGTAC;463
TAGGTTGGAG;533,169,421
CGCCTTGTAC;278,117,447,100,135,503,385,390,59,432,342,576,142,316,256,362,7,60,11,517,417,485
GTCTCTGAAA;335
CTTATCCGAG;471,312,9,418
TGCCACTATA;209,526,220
AATTAGACAC;347
ATATGAGGTT;598,75,347,62,498,236,123,587,500,139,563,263,343,328,195,124,420,226,154,537,211,11
ACTATATCTT;61,330,597,316,500,354
CTGTCAATGC;508,530,577
TAATATCTGC;5
CCTTCATATT;206
TATGCGAGGA;279,146,429,288,423,421,248,279,288,576,46,434,4,580
CGCAACGCCA;174,182,94,98
ACTCATGCAG;338,292,89
TGGGCCGGAG;184
TAGAGGACTC;450,3,527,263,422
AATAACGCAT;118,463,7
GAGCCGTTCG;598,216
TCTCTTGGTA;67
TCGTCTGAAT;25
TATCGGTACC;82,151,150,133
TGCTATTCTT;254,325,320,438,297,190
CGCGTGAAAC;492,38,497,181,257,567
CTTTCAACCA;439,107,94,538,35
GCTGGAGAGG;61,124,204,340
AGCTCTTTTC;15,588,593,59,239,588,61,436,112
TCTGCGTCGG;42,387,555,376,310,244
CCCGGGAGCT;16,135,514,506,188,114
AATTTATGCT;416,425,423,450,27,79,352,528,505,472,119,481,569,386,521,121,555,17,51,313,193,583,89,183,575,447,326,66,481
TATATAGAAA;80
TGTTTCTCCG;294,451
CTACTCTAAG;58,508,326,456,318,472,483,174,508
GCGAGCCCTT;346,243,538,543,346,357,322,395,52,353,134
ACACTCGTGG;571,88
CCTTGTTTAG;382,271,208,209,236,565
GCAGGGCCTA;521,212,75
AGCGTGTATC;321
GTTCTAGCTC;67,107,445,294,36,193,556,472,440
TTCTATCTCT;494
GAATTGATCC;65,154,122,167
TAGCCTACTC;164,311,159
CAACCCTTCC;21,23,465
ATGTGGCTTA;7,499,292,403,33,539,532,489,560,58,110,96,561,393,437,69,86,331,330,221,81
GATTCAGTAG;338,499,181,28
TCTATTTCCC;35,367,214,98
AGGCCCCGAG;545
TGTAGCAACA;480,52
CACCCATGAC;309,74,288,215
TAGTAGTTCG;527,401
GTCGAACTTA;202,478,40,2,341
AGTGCCGCAA;139,425,391
CCCCCTTACA;185,361,447,591
TCTGCTCTCC;310,592,390
GTGTCATTTG;466,308,256,391,402,19,85
AGTTAACCTT;562
TAGTACCGCT;580,143
GGCTTGAAAG;533,90,441
CACGAGCGCA;133,215,245,339,116,313,598,482,578
AGCTCTATTC;113,180,334,579,224,366
CACCCCTAAT;394,148,325,322,199
TCGTCAGAAC;326,285,572,362
CCACACGATA;32,588,351,271,164,439,104,114
ACATACCTAA;282,4,201,314,294
TACTCCCAAC;122,575
AGTGTGTTCC;519,156,320
GATCTCGGGG;275,395,165,221,460,283,47,486
CTAATCCGGG;433,307,500,403,262,407,245,484
CAAATCCAAA;405,448
GGGATGTGGA;142,52,405
CGCCGTTATG;108,303,31,573
AAGACCTCCC;205
GCGTAATCGC;158,24
TGCGTACAAT;458,521,236,198
TCAGTAACAG;82,15,488,278,545,35,91,272,70,416,320,516,10,304,28
TATAGCATGA;200,44,465,381,306,258,598,283,45,287,150,272,105
ACGGTCAAGC;555
ACAATACAGC;217,243,488,129,153,40,144,497,321,224,204,355,380,543,352,207,297,203,120,386,431,362,272
AAGAACGGGA;488,243,71,403,290,482
TCTACCGAGA;377
CGAGAGTCGC;542,512,145,207,450,143,429
TCCGAACCTC;377,454,349,285,116,538,542,305,336
AAATGTAGTC;338,118
CTGACATAGG;229
ATTCATTCCG;509,111
CCAAAGGTCC;205,422,315,193,294,269,321,185,404,495,142,194,379,54,230,580
GGCCCACTCC;323
CCGCAGTAAA;432,2,209,555,475,186,543
CTTCTTAATT;197,546,440,60,469,335,63,229,199,500,541
GTCCCCCCAA;507,306,566,146,278,63,310,582,29,422,557,473,576,452,513,481,395,334,588,441,577,405,132,355,308,385
CCTCGGATGT;218,44,455
GCTTCATCCC;544,133
TTATGCTTTG;72,45,365,538,585,60,524,136,356,82,598,555,6
CAAGCCGAAT;335,218
TCCGTGTGTT;427,475,341,508,575,364,458,79,311,574,551,541,79,6,173
CCCTGAATGC;339
TCCTTGGGAG;581,107
AAGTTGGCTG;164
AGCGTAAATA;295,232,569,551
CTAATCTGAG;470
TTATGGCTGT;249,60,310,550,455
TCATATAGAC;324,549,337,544,588
CTACCAGCTC;377,483
GTGCAACAAC;455
CTGAAGCTTA;453,161
TACTTTCGTA;306
TAGCCGTTCG;38,140,21,453,456,426,465,396,250,543,7,124,232,141,376
AGCCGACGGA;386,360
GCCTAAAACC;457,409,528,208
ATAACTCAAT;311,239,91,546
GCGTAACATC;420,34
AGGCAACCTC;242,523,412,342,403,142,257,404,270
TACATAGCCG;150,175,510,112,166,387,82,215,556,108,144,422,185,501,193,246,450,303
GGGAGTCTGC;591,275,521,233,547,75,523,393,277,438,496,305,122,114,321,550,275,540
CGTAACAACT;385,329,573,120,245
TCCCGACCGA;119,570,463,525
GTGTGCGTTG;473,371,248,177,493,378,33,202,569,336
GAGGGGGTGT;122,431,101,291,593,199,102,314,7,8,426,0,114,428,594,488,201,444
TGAGTGATTT;386,162,366,124,210,592,105,15,139,33,584,106,147,271,351,274,372,285,74,533,195,105,389,438,255,364,86,486,131,365
GCAGCCTCGG;542,566,393,353,11
GCTACGCCCT;484
TGGTAATATT;217,76,132,399,573,379
CGTCTATTAA;46,532,384,353
TCGGAACTCA;581,10,461,520,240,197,312,448
AGTCTCCGAT;583,96,89,310,559
CATCGAAACG;596,257
TCCCTTTGGA;292,472,54,306
AGACGTCCGG;122,381,356,358,236,564,303
GCCGTAATTG;294,353,452,528,599
TCTCGCGCCG;72
CATTCACTGC;336,234,390,145,193,16,63,215,348
TGAGGATAGC;345,538,90,246,432,254,322,487,134,132,222,11,352,0,437,39,472
TAACCGACGG;258,590
CGTTCTTTGG;219,328
GAGACCAGCT;482,115
AGGGAGCAAC;142,163,234,432,387,331,171,154,149
CGACCTCGCT;98,66,549,438,526,217,297,259,317,470,302,320
GTACCTCTCA;161,451,251
TGTGATTACT;559,582,329,332,285,526,37,323,456
ACTGACCGAA;525,406,304,207,8
TGTCTTCCAT;285,489,517,212,370,313,255,70
CTTCCCCAAG;536
CTCGGGCAAT;391
GATGCCGAGG;67
AGGAGATTTT;551,289,351,161,157,408,499,513,191
CCTTCCCTTA;491,559,134,39,45,111,214,399,177,153,85,85,92,508,191
ATGATGTAAC;131,6,343,583,21,118,364,124
ATGCGTGTTG;517,569,573
CATTAGCGCG;121,377,490,555,346,527,513,476,515,576,304
GCACTCGCGG;332,436,410
AAAGATGCTG;100,33,321,106,491,441,357,289,420,461,594
TCAGACCCGG;203,230,262,358,230,445
TACCGACAAA;184
TAGCAAGGCC;336,447,460,149,81,506
AATTTTAGCG;52,565,386,26,210
AGACTGCGGA;75,225
TGATTCGAAG;350,333,507,72
GCTAGGGAGT;461
TTTAGACGAA;228,3,513
ACCCGTTGAG;209,118,24,251
CTGAGGAAAT;328,215
GATATGCCTG;92
GGACGAATTC;349,175,429,147,517,387,205
CCAGGTGCAG;197,163,310,349,105,316,136,187,157,42,422,261,442,558,587,359,392,568,511
GAGGATGGGT;82,332
CGTGTTAACC;132,277,469,325,349,306,193,9,33,123,350,355
TGGCGGTGAC;466,441,12
TGCGCTTTAG;269,319,99
CTACGTTTAT;470,211,40,397,308,220,146,106
TGTTGGTGTA;416,453,4,403,466,6,565
TGTGTGCGCA;193,489,217,235
GAATCATACC;372,385
CCCCCAGCAA;67,83,95,17,72
TCATACTCAT;226,414,550,219,36,478,50,289,427,130,229,356,461
CACCGAGAAA;509
GTATGGACGT;49,445,196
CATTTTCGAT;595,106,182,413,571,283,482,259,553,74,336,494,415,550
AGGGTTATGA;151,351
ACTCACTGTC;0,53,547
TCGGAGTTAC;587,76,24,109,558,425,272,52,269,331,147,254,450,63
GTAACAAGTT;102
ATACTATGTC;428,550,327,9,184,489,107,354,356,191,208
GGTGTATATC;274,443,259,420,331,110
TATATGGCGA;470
CTTGCACCTC;469,462,149,167,7,348,201,198,121,375
TCCTGCCTTG;458,371,180
TGAGATTATC;136,200,159
AAGAATGGCC;283,400,32,478,199,58,598,331,80
ACCCCCTTGT;534
TGCGATTCAA;416
TAGCCATTGT;598,323,176,448,531,364,45
CGCTTAGCCC;584,150,497,41
TGCGCAGCAA;499
AATCACGCCG;107,329,199
CATTTTCGTT;93,298,65
CGGAGACACT;427,123,323,97,52,224,150
ATAATAACTA;462,478,447,162,40,239
ACGATTTTTC;141,477,106,31,72
ACCTTATGAC;486,463,255,343,20
GGGTCCCCTT;178,453,431
GTGTAAATAC;513,129,495,541,165,15,598,279,127,72
TTCGGGGCCG;529,544
TGCCAGAGCA;379,60,50,273,167,583,195,566,284,139,159,491
GCGCAGTGTT;280,483
GACATGCATT;425,579,306,150
GGCGTATATA;42,421,261,199,236,290,156
ATAGTACTAA;311,335,53,297,5,459,537,435,122,501,238,83,471,173,574,402,261,528,199,142,28,170
AGGTTAAAGT;64,495,96,452,538,98,232,373,1,359
TCGACGCCTG;592
GTATTTTCCC;262,486,449,2,174,239,232,128,370
GATTGCAGAC;401
AAGAAGGACT;108,176,567,598,343,128,275,169,35,53,189,180,464,463,241,193,266,483,179,394,480,554,518,448,233,117,15,325,359,379,160,574,80,563,232,507,11,327
TGCATCCATG;159,542,144,544,14
GACTCGGGTC;308
AACCAGCTAG;562,171
TGGGGCGTCA;353,83,17,62,579,88,232
CGCGTCTGTC;535,355
TGAGTCTACG;445
CGTAGGGATT;559,268
TTAGTATGTA;427
CTGCGGTCTA;481,284
GCCTAAGGGA;93,349,350,279,394,407,282,479,448
GTAGGTGCAG;593,523
AGCCGGCGAG;579,356,455
CTGCTCCACT;559,291,197,83,319,503,596,42,448,26,508,441,118,371,520,78,35,572,450,486,521,305,1,485,347,527,326,274,448,566,438,408,15,259,524
GGTAGCTACT;155,541
GGGTACAGGA;95,493,585,437,366,219,123
TCTAATGTCA;404,265,83,150,435,428
TAATTCCCAA;243,505
GGGACTGTCA;407,318,476,39,253,530,390,31
TGAAGATGAA;253,135,599,31,60,482
GAGATGTACT;310,438,597
AATACATATA;461,414,220,28,221,528,17,202,401
AGGGAACACA;169,101,442,523
AACCTCAGCC;595,505,218,566,559,420
CTCAACATGA;583,581
CGGGTTGGAC;277
CTGAGTCCGG;70,455,203,547,182,505,551,192,516,478,59
TACGAGTAAC;103
GAAAACCCTC;560,570,26,108,418,261,282,495
GCGAACTCAT;316
GGCCACCATC;88
CAAGTTATGT;67,557,262,520,234,144,87,165,255,89,452,286,531,200
GGGCCGGAAC;421,2,200,225,550,422,581,228,510,587,373,198,488,524,186
GTACCGGCGC;455,349
CAAGTGAGAC;456
ACAGGTTTGG;45,435
AGTAATAATG;115,162,124,570,178,573,496,572,590,326,433
AGGGATGTCG;78,434,386
GACCAGATTA;525,470,138,597,467,286,57,146,392,196,373,303,410,215,190,151,229,106,241
ACAAATACTA;374,157,467
GGTGAAGAGT;204,103
CTCAAGGAGT;261,218,210,427
GCGGCCTAGG;142
TATCGTTCAG;513,63,23
CTCTGTGCCA;545
AAACCTCCAA;282,171,192
GCGCATAGCG;238,213,49,415,342,586,245,45,468,488,440,238
AAGAACGGAG;159,482,517,77,231,366,338,497,296,563,404
CGTGGGGAAG;335
GTAAATAAAT;544,318
CCCGACCAAG;59,133,406,299
CCTGACCGAA;595,403,13,535,159
TAGGGTACCA;362,522,400,283,205,249,388
TATAGTGAAC;575,388,24
CGCGTCGGTG;379,33
ACGAATATGG;6
GCCCGAAGTC;472,271,314,176,486,63,273,447,208,102,488,507,17,310,120,549
GCTACATGTA;91,596,127,401,3,31,242,169,32,270,297,480,429,50,29,46,477,284,415
ACATTCACAA;519
TACGCGGGGC;569,151,13,522,566
ATACTAGGTC;277
CCGCCTGTGA;212,141,211,522,92,582,519,357,401
CTGGGGTCAG;483,506,480
CGTTGCCGCT;250,492,146,464,231,559,151,57,124,346,432,98,180,437,147,373,87,89,138,52,570,547,224,581,312,109,356,144,252
ATAAGCGAAC;233,469,370
TACCATCAGC;247,376,301
GACTACTCGA;150,599,310,141,340,187,123,505,413
GAGTACCACA;227,354,510,339,39,540,522,507,67,462
TCTGGCTCCA;175,536,36,257,273
AAAGTCGGTT;332
TCCAACATTA;270,506,298,228
CCGACGGTGC;140,112,372,452,465,277,312,5,165,557,593,247
CCTGTTTGAC;361,278,532,146
AACATGTGCC;282,144,284
TTCCTCATAC;307
AGTAATCTTG;487,330,40,248,328,143
GCTGTTGGTT;331,121,299,281,142,416,39,277
ATGGCTTTTG;321,284
CCTGGGTGGA;402,362
TTTCACTTCT;528,67,36,424
TTTAGAGAAG;232,248,306,8
GCATACCGCA;493,47,314,104,561,9,526
GCTCATATGC;451,558
GTGTGAGAAG;584
ACTGGTATAT;595
TAATACCTAG;285,25,113,461,290,358,240,65,295,334,265,277
GATGCGCCGA;507,397,454,31,166,434,453,133,438,111,425,443,109,574,483,83
GAATCTCCAG;117,70,22,296,587,573,75,358,53,536
GGCTGTTCAC;545,406,367,277,512,308,488,317,0,525,122
TGGGGACGTG;14,577,566,166,167,583,159,46,408
CAGTAATAAC;27,371,313,585,197
GAAACTCTCG;257,261,37,432,330,492,594,555,332,255
CGGATTGTCT;16
GCGTACCAAC;4,435,2,302,216,552,596,184,376,469,471,244,225,190,526,76,178,12
TTATTCGTTG;507,227,371,392,586,72,251,461,229,209,11,260
GATAAAGTCG;269,77
ACCCCCGATC;485,598,474,227,369,321,380,438,250,344
CATGCCATCT;293,586
TGATGAGTAC;95
GACACTAATG;391,388,595,487,306
GTGCCTCACA;311,363,407,107
CCTTCCTTTT;290,469,415,71,142
AGGGCTGACC;89
GTTGACAGCG;22,331,200,211,295,103
CACTCGAAGA;518,280,48,284,259,448,15,20
TTCGAAAGGA;161,123,339,532,591
CTTTCTGGAC;327
AACATTAATT;503,268,160,77,466,105,165
CCACGATGTA;414,478
CTGCCCTATC;523,563,278,61
TCTAGTAGGG;355,343,563
GCCAATAGTC;497,541,383,353
AAAGCGAGAT;95,103,354,99,321,556,473,476,561,71,11,131,212,47,297,72,364,3,404
ATGACCCATG;358,103,230,543,337
CGGCCATAAT;534,159
TATTCGATTA;570,497,119,262,496,68,20
ATTGGTGCAG;207,438,242
GGCGCGACTG;546,505,93,200,61,22,126,317,453,595,54,502,329,340,504,320,200,523,440,523,54,315
CTAGAGCAGT;14,581,396,242,234,502
AGCCAAATCA;406,15,355,6,479,109,136,414,472,28,27,487,36,268,206,2
CGATCTGATG;299
GCTACGCTGT;436,35,169,50
