GCTTGCGGGC;16,156,416,427,539,273,25
CACGCGTCCA;537,531,167,680
GTGATCCCTC;197,331,134,47,150,181
TAAGATCGTT;379,584,38,513
GTAACAGGCG;141,696,451,696,498
TGACCCCATT;386
CACACAAGAC;7,603
CACAGTGGGA;618,691,484,549,102,699,523,120,649,587,393,612,678,386,191,134,599
ATCTCGAATG;207,366
TCAAGCTTTA;571,33,396,28,318
TCGCCCAAGC;395,291,485,396,118,499,138,82,399,576,44,64,153,133,421,668,536,395,616,131
GATAGAAGTT;517,310
CAATTCCACT;403,248,437,241,516,594,698
AGCGATCGTT;145,312,653,216,484,372,447
TTTTCTGTAA;431,461,198,419
ATGATCCACG;317,301,53,176,282,407,21,36,265,354,255,367,491,424,206
AGCCGCCCTG;158,660,196,365,201,481,580,509,425,180,160,632,200,610,448,638
CTGATATCTA;477,501,550,269,686,429,286,191,298,438,679,95,553
GACTCGTGTG;399,677
CTTGTATACA;126,471
AAGGGGGAGA;609,600,425,116,217
CGCATGATAG;532,216
AGCGTCGGCC;513,562,465,85,588
AATGCTGTTA;43,1,269,456,677,50,335,589,144,676,161,280,48,276
ATTGGGGCGG;201,531,509,586
AGCTCGGTCC;104,34,215,480,184,614,492
AACACACAAC;283,577,608,412,621
GAACCAACCG;404,171,430,56,690,131,385,237,402
GCAGCAAGGG;154,392,198,172,568,624,200,67,146,625,3,64,247,425,398,228,36,472,515,220,613,3,515,15,41,184,207,466
TGAAGTCTCA;519,609,629,153,543,239,237,551,221
TACTTGATGG;296,27,430,465,545,251,218,495,267
TTCATTAATC;585
TCGCCGTCAC;456
ACCCCCGCAG;430,237,124,77,664,467,36,12,188,662,565,274,690,159,191,250,193,509,419,302,140,15
GGGATTCACA;326,587,561,301
CCGCACTTAA;110,163
TCTGTTGTAG;41,489,493
GGCTCGGTTG;280,323,178,496,21,398,605,673,311,524,287,313,21,277,218
TAAAACTTCG;401,567,207,612
GCCAGCCATC;85,579,656,180
GAGTGAGATG;300,161
TGAGGATGTG;273,545,98,150,302,335,521,538,614,237,323,132,552,75
GATCGTCCCA;400,341,496
GCCGCCCCAC;588,220,123,496,263,288,33,610,558,446
TTATTGCGGG;360,129,337
CTCAGGCTTC;142,134,410,453,534,334
GTGACAAGAC;346,303
TTCGTTGATG;343,374,273,640,395,474,695,382,167
CCCATGCTGC;578,637,201,478,494,273,667
GGGGTCGATA;551,577,687,293,585,405
GATACTTACC;73,131,592,138,222,85,59
TACACGGTTC;141,622
TCTCGATTTG;446,163,493,11,212,448,11,182
CTACCTTACA;592,155,19,358,160,419,374,272,470,51,580
CGGAAGCTCT;21
TCTCTTGCGA;416,485
GCACGAAATC;157,226
GGATACGGCC;128,651,52,406,499,304,417,498,453,143,283,179,51,682,239,691
CGAGACAGAC;268,579,300,124
CACAATCGTC;321,680,248,45,389,23,198,684,140
CCGCAAACTG;217,271,418,260,673,206,652
TCATGGCCTG;361,149,32,445,328,115,478,149,429,71,381,674,505,637,448,486
CCACAGTTGA;229,394,5,357,299,563,94,579,383,148,196,137,257,570,499,528,593,221,94,64,318,624,403,297,367
ATGCCCATTC;245,658,311,545,650,389,231,416
CGCCAAACGT;605,143,417,222,236,450,617,117,620,125
TTTGCCGTCG;662,260,522,460,58,385,217,404,71,492
GTGGTCCGTG;465
TTTGACTGCT;182
TAACGCATAT;503,103
GTAAGTAGAA;106
GCCCAGTAGC;329,29,452,462
GAGCAATTCG;647,308,327,674,149,587,337,302,299,177
GGGCAGGCAC;164,278,396,347,190,428,258,214,572,502
ATCTGTTCAC;369,448,16,520,257,20,425,251,571,190,127,679,291,154,216,82,222
GTGGCGCGCC;35,417
GCCGTTCCCG;280,370,48,396,616,162,693,340
CGAGAATTGG;654,28,392,239,563,180
CATTCCGTTA;640,672
AGTAAAGTGA;351,165,495,518,504
AATTTAGACG;693,553,591,435,451,121,619,553,95,51,229,156,593,421,128,7,268,231,647,182,326,640,229,504,636,231
ATTTACAAAG;274,504,19,69,537
ACTTACTTCC;507,528,373,49,640,579,156,590
CCTCCATGTC;96,295,25,167
CTGGTCAATT;157,127,239,102,575,408,565,314,469,470,45,149
TCCAGGACAA;438,349,117,423,578,501,653,303,440,574
CTTTATTGCA;353
AGAGTGACTC;387
GTCTTGATGA;264,274,60
GTATTCACCG;499,646,153,444,240,341,616,160,344
CCATCCACCT;37
ATTGTTGAAA;127
AGGGGATAAG;11,138,654
GTCGAGGCTA;595,253,655,333,404,315
GCCTACCGCT;79
CGTTCCGTAA;24,171,66,260,451,385,282,496
GATTCTGAAC;684,622,396,530,568,665,276,255,289,30,235,593,685
ACCGTCCTTC;287,151,363,463,31
TCTTTCTGAT;678,635
GCTGGCACAA;73,387
TTACCTACGC;213
CACGCTCATC;401,582,49,51,257,69,659,470,161,514,323,247
CGAGGGAAGC;413,14,440,475,312,376,598,389,87,433,151,472,90,253,303,33,322,484
ACTGGTAAGA;536,411,368,646,189,630,100,519,626
CTTAGTTACG;286,697,221,644
AGAGGCTGTG;535,237,699
GATGACCGAT;165,695,181,428,586,644,240,61
CTTTGCCGCC;666,361,20,335,36,59,491,655,277,286,315,333,441
GAACCAACCT;684,206,253,27,436,38,328,466,170,475,93,300,340,38
GTGCGGTCCC;233,585,519,421,488,184
TCGGTGCACC;186
TCCTAGCATG;231,141,551,141,184,196
CGGTTATTTA;144,489,274
CGGTCATGAC;97,588,139,484,105,155,623,517,516,297,177,508,58,112,428,259,318,440,30,563,536,479
TTTCCAGAAT;282,55,139,388
GCTGAGCAAC;538,358,263,657,318,113,206,501,511,55,146,674,55,125,231
TCATGGATAA;197
ACTATGCGAG;387,149,556,237,341,189,537,305,699,535,631,105,160,100,453,470
TAATACGACT;681
ATAATCCGTT;100
GTGTCAATCA;500,145,177,450,436,227,34,451,89,587,598,681,316,455
AGCCTGACTA;542,462,623,596,309,401,663,184,54,375,366
GCGAGCAGAA;575,339,76,149,564,672,9
GTCACTCACA;619,165,205,141,416
GCCCGATCAG;185,109,240,163,677
TGTAAAGTGA;551,202,512,133
TGACAATAAC;312
ACACTGGCCA;251,328,360,541,130,216,441,74,113,683,580,467,218
GTCGCGAAGG;104,229,511
CTCCCAGTTG;310,366,546,482,187,258,606
GCGAATCTTG;41,87,59,143,614
ACGGCGACGC;343,661,295,310,178,592,104
CAGCTTCCTA;484
TGTGTTACCC;306,650,678,515,528,268,79,60,630,632,553,685
CCCGAAGCTT;177,81,384,550,661,136,57,169,660,115
TCGGATTCTA;156
GGGATAACAT;209,397,599,173,425,441,637,505,686
ACTGAGGTGG;300
TGGAGTCCCC;16,253,548,308,316,680,162,696,550,696,420,503,243,510,27,13,515
TCAATATACC;458,666
TAAGATTCTA;297,699,657,429,110
ACAAAGGGTC;444,109,521,208,127,576,522
CTTGCGAGGC;253,30,78,439,436,415,391,484,678,115
TAGGTAGGGA;540,457,224
CTCAGTCTTC;197,194,143,480,100
AAGCAGTGCT;282,430,199,45,278,12,327,329
GTAGTCCCTT;163,38,145,174,680,622,207
AGTAGGGAAC;11,187
TGGTGTCGTT;686,317,25,609,147,625,284,464,394,138,10,406,306,123,243,318,587,648,691,351,230,198,21,381,492,152,665,32,87,69,9
AACTTGTATG;439,179,83,505,412,667,369,170,375,544,599,415,202,259,454,462
GTTACGGGTT;194,113,671
TGGTGGGGTA;411,15,195,635,345,515,0,66,324,22,290,211
CTAAACAAGC;303,76,683,156,364,426,587,548
GGTGTTTAGT;358,95,690,36,17
GGGGTTTTCT;30,534,151,441,507,225,378,210,512,615,185,180,273,185
GCTCGTAAGT;241,651,310
TTTAACTCGA;25,229
AGGGTTAAGC;209,565,311
TGCAAGGGTC;509,569,314,420,587,1,69
CTGTGCGTTA;603,684,588,255,288,236,457,447
CGGACAAGGT;568,571,167,76,226,405
TCTTATGAAT;529
AGCAGGTCCG;207,50,639,129,235,636,549,156,221,80,405,96,151,297,296
GTGGTGGACC;205,658,321,611
AGCACGAGCT;313,574,394,275,459,504,353,157,509,396,601,86,193
GCCTCGAGTT;138,546,577,255,438,252,679,1,313,373
AATCAGCCTA;513,253
CCGTTCATGG;497,310,237,165,23,132
AACACCTCCA;641,442,495,153
GATGTACTCC;389,586,107,655,236,374
TAGTTGCATT;618,187,264,652,194
TTTTGATTAT;447,353,474,669,92,14,322,66,446,464,79,1,172,335,521,88,345,87,270,411,185,250,23,535,278,33,42,358,493,172,583,450,469,207
ATCAAGGATT;367,362,252
CACTGACTGC;150,101,637,168,257,573,397,509,295,164
TGTAGGCTCG;667,325
GACGTTTCGT;460,92,107,121,320,391,160,412,333,154,364,235,372,678,366,396,683,559,27,599,684,635,641,23,373
ACTTTCCCCA;590
GACGTATTCC;678,252,557,288,38,258,223,110,221
ATTTCTCGTT;683
TGCAGGGTAT;286,83,34,653,84,10,283,636
TTGTCCGTAG;78,587,108,536,529,242,38
GGTAGGCGCT;484
TGGGCACTCC;482,31,70,428,447,430,442,591,105
AAAGGTATGT;64,422,373,401,415,159,453,369,656
ATGCATAGCC;135,696,58
CTCCTCAAGG;658,55,268,34,568,120,616,545,46,383,313,341,591,651,411,39
CGGCATGTAT;152,151,680,217
ACAATTACTT;569,599,544,233,264,24
AGATCCGAAC;497,48,657,393,545,406,333
AGCTAATCTC;242,684,46,274,47,422,443,557,34,665,163,55,434,473,510,220,292,543,615,291,397,399,124,375,301,479,181,136,291,283,699
CATTGAACCA;3,126,25,69,195,551,485,665,447,451,495,407,443,128,385,360,124,110,215,240,512,420,295,323,515,486
CTATGGGCAT;367,257,312
TGATGTCTTA;542
GTTCGGCGAG;378
AAGCTTGAAG;30,388,416,501,94,119,290,539,32,338,298,681,549,124,269,308,147,30,607,320,518,144,406
CTCGAATGAT;252,656,491,542,161,494
ACAGAATGTC;477,580,571,670,315,30,145,649,395,381,566,657
GCTACCACTG;352,430,194,370,164,640,310
CACCCTCACT;72,325
TTGATGTTGG;103,302,373,261,383,184,157,226,58,671,260
TGCCGGTGTC;574,290,269,195,602,213,658,316,269,225,419,631,204
TGGAGTTTAG;657,21
TAAGGCACTT;73
CCAGCAAAAA;452,381,90,401
CGCTGTGATA;297,230,512,393,669,594
ACACAAGCCA;38,70,286,188,670,112,185,623,542,61
CGTGGGGCCG;389,43,122,196,204,15,269
GGGTACATAA;159,34,298,682,471,32,280,641,37,326,620,299,462,367,685,620,654,677,662,337,511,39
TCCTATAGTC;181,604,394,386,677,250,359,567,680,627,286,277,434,426,102,499
AACCATTAAG;577,100,578,42,587,518,459,443
TCCGATTAAC;657,351,681,120,337,207,536,353,494,31,513,474,676
CAATTTTTCT;193,112,234,481,584,607,293,648,130,640,332
GGCCCCGGTG;73
TAATAGTTTA;100,514
GGTTTACATA;360,459,476,113,327,673,469,283,44
CGTCTGCATG;629,119
GGGACTAGGT;414,180,386,53,605,0,669,643,478,529,683,669,141,370,190,369,35,405,207,622,599
CAACGCGGCG;135,232
TAGACCTCCA;118,156
TGGGTTGATG;460,52
TAAGTGATAA;454,571,326
GGCCATCCCG;669
TGCATCTGCC;58,657,555,642,449,531,237,536,453,487,583
GACCCGCGAA;654
AGTTTCGCTA;52,17,341,238,670,473,266,527,630,293,203,434
AGGCGGGATA;451,240,507,292,268,245,658,273,652,636,491,325,326,341,390,216,570
ACCCACCATT;300,64,460,640,291,261,223,66
ATCAAGCCGC;365
CGCACCCGTT;247,299,645,231,376,215,543,367
GGTAGCAGGT;38,530,56,159,119,623,280,615,370
AACGCTTACT;237
TCTGCTAGCT;601,325,448,539,567,192,406,534,104,465
AAGGACACGT;142
TGTCCGACAA;452,374,22,495
ACCTCGCATC;42,130,519,433,179
TAACCGTCCT;317,120,129,211,650,694,384
GTGAATAGCC;151,642,78,6
CCTCATGATA;668,593,615,481
TCGGGAGATC;616,393,361,410,596,364,612,374,106,98,260,561,405,651,697,580,532
TCTAAGATGT;611,156,359,501,476,472,158,658,311,176,100,245,83,62,383,497,175,321,347,60,39,394,175,505,145,218,82,515,453,202,573,419,569,365,521,340,22,537
ATACATTCCA;548,259,68,378,396,50,398,327
GAAGGATAGT;458,587,113,415,51,14,201,690,193,244,78,532,64,445
ACGCATCCAG;484,494,248
CGGTATCGCG;673,110,608
ACCGATTTGG;191,91,34
GCTTGTCGCG;429,452
ATCCTACCGA;647,50,457
TCGCGCGATT;584,557,521,304,307,467,562,672,507,50
TCGATCCCTT;301,566,58,471,164,689,248,250,451,70,412,692,200,6,119,271,619
CGCTGGGACT;104,479
AACAGCTGCT;336,62,565,542,231,385,526,130,323,668,310,217,78,681,311,220,351,159,223,207,606,196,103,569,204,186
GCACCTGCGG;205
AACAACATTG;653,191,694,366,254,556,266,22,257,319,419,201,699,530,378,623,635,318
TGCTCCGAGG;446
AGCCGGGAGC;33,549,109,11
GGTCGGCCGA;533,420,477,471,369,584,172,62,492,674,97,615,136,6,617,375,83,233,314,659
CCCGCCAAGG;229
CGACAGGTAT;388,204,479,559
ACGTGATTAA;376,541,85,649,496,466,656,625,183,397,164,130
CTTGTGGGCT;63,77,349,98,158,602,20
GATCGTCATC;546
TATCCGCTCT;309
GTAGGTTCTT;372,248,625,398,586,130
CCCACCGTAC;5,529,119,229,101,250,556,424,100,522,489,471,653,470,3,72,621,635
GAACTAATGT;198,394,317,242
GTCTGAACTG;659,222,7,509,407,389,299,568,125,189,641,583,74,626,308,593,92,409,436,384,528,468,558,573,34
GTCGTTCGAT;480,483,102,271,498,387,525,277,152,506,382,179,363,217,162,81,124
TTATAAATAC;298,604,364,160
GACGGTTTGA;540,98,598,691,55
GAATTACGTG;199,120,354
AAGGAATCAC;332,314
CATCGCTTGA;450,605
GGTACGTGTA;262,464,480,437,308,666,427
TGCTAGTACG;93,650,579,686,667,427,622,245,451,383,438,327,456,297
TTAGACGTAA;119,141,78,428,189,662,605
TAGAGAATGA;412,384,110,345,4,653
GTACCACAAC;3,354,527
ATTGGTATGG;403,188,95,663,583,139,452,61,131
TCTCGACCGA;437,236,95,664,277
GAATGCTTGA;188,6,304,297,300,143,606
GGCCTCTTAC;323,344,373,26,559,410,538,459,68,370,371
CCCTGGTCTA;576,196,365,309,363,394,689,271,512,38,108,240,515,13,229,607,489,519,580,654,389
AGGACGCGTT;443,590,542,443
GATATGGTGA;346,26,320,295,17
TACAGGGGAT;668,302,410,602,315,122,630,54,100,505,114,501,536,425,693,645,56,599,313,193,522,327,435,353,677,662,19,396,384,313
CCCTTCACGG;575,574,287,333,233,102,177,119,446,226,7
ATGGCTGAGT;75,61
AAAGACGACG;181,244,426,582,196,185,492,283,455,483
CTAACTCATT;690,578
TCCGGGACTG;354,579,53,679,671
AATTAGCAAA;2,641
ATCTATTTTG;448,158
GAGCTGTCCC;170,37
GAAGGCTTAT;490,514,641,435,87
GGTCGCGTGT;664,57,645
AAGTACACGG;126,690,387
AAGCGTTAAT;616
ATACAGGCTC;219,251,318,49,473,206
CGGGATTATC;441,485,519,547
GCTATCAGCA;64
ATAACGCGCA;356
AGGCGTACGG;135,289,324,620
ACACCCCTTA;301,471,462,241,589,108,590
CGAGATAATA;85,275,668,671,240,455,501,498,436,184,597,682
GCAGGCCATA;557,437,442,638,242
GAGTGTGTCT;271,458,576,337,498,639,62,313,488,689,371
TAATCGAACG;579,19
CATTCAGGCT;271,206,218,411,678,410,76,92,390,574,539
GCGAGGCCTA;199,667,559,114,516,654,408,238,140,439,343,397,377
CGTCGTCCCA;541,588,692,508
CTTGAACTAT;301,283,301,465,529,137,327
GCCGTCAAGT;260,133,173
CCGTGACCGA;367,425,195
CGTTGGGACG;95,422,23,326,34,439,439,543,497
CAATGCCGTT;598,193,57,304,226,508,326,116
GGGATACACT;263,369,127,328,117,253
ATGCTGAACT;446,23,72,349,195,504,110,556,125,289,642,30,106,135,276
TCGATATCCA;134
GGGAATACAG;461,49,54,296,589,552,83,154,182,618,447,357,80,470
CGACGATAGC;477
GGAGCACTTC;20,508,236,505,628,428,561,644,694,298,677,549,78,49
CCTGAGTCAC;182,288
TGGTTCAAGC;364,583
TTTTAGTTAA;79,107,106,34,415,228,47,471,629,275
GACTGCCCTT;699,298,290,115,172,664,13,143,528,418,648
GCGAGATACA;564,397,388,408,687,49,495,590,37,112,661,364,116
GCCGTGCGGT;248,371,393,675
GGTGGCTGAG;600,244,634,686,170,71,293,211,435,470,540,393,243,425,272,32,354,694,269,116,404,422,204,621,349
CCTCCCGGAG;368
TAAGGGGGAA;454,388,278,235,76,595,232,452,174,358,205,496,37,163
TCCAGAATAG;650,563,188,81,329
ACCGGGCCAG;309,186,401,517,236,626
TTGACGTAAG;212,529,549,439,592,148,92,561,632
TACATGGGTC;345,555,508,402,495,298,338,119,640,281,171,352,599,503,588,491,76
GGAATTAGGG;78,601,456,558,289,519
GTCCTTGATT;451,329,319,514,298,530,362,178,523,463,567,558,664,560,539,182,118
CGGGCTCTGA;127
AGTAAGACTA;625,583,513,386,220
AGTTCCTGAT;260,670
GACTACGTTC;603,158,409,355,428,535
ATACCAAGTA;571,548
CCATCTTATG;5
ACCTGGTATA;40,389,418,594,676,422,365,158,127,35,295,124,93,32
TATGCCCAGA;139,117,138,373,221,598,522,161,242,240,131
AGTCTTCGGG;44,588,699,581,323,253,186,246,91,678,507,554,634,429,339,405,475,103,268,491,617
GAGGCGAGGC;598,309,236,478,556,320,263,64,550,125,159,28,20
GGAGCCGCCT;145,483
GCGCGGAATA;209,618,58,370,220,120,130,439,569,229,272,342,604,487,305
GAGCTCATGC;195
AACATGATTC;45,445
CTTCGAAGGC;302,574,616,274,322
GGATGTGTCG;136,463,261,483,97,391
ATGTATCAAT;130,512,455,398,690,621,195,236,502,537,636,391,14,541,467,250,663,670,546,177,464,457,675,585,326,420,539,495,435
ACCACTATCC;567
ACCTCCCTAG;13,257
ATTTCCGGTT;285,458,227,389,315
AAGACATTGC;652,645,252,342,335,470,279,185,618,47,224,312,268,529,326,310,304,470,56,510,602,106
ACCTTAAACT;314,260,46,688,154,556,41,358,646,447,181,191,63,577,170,356,557
GTTTAGCTAG;451,282,136,299,4,185,191,69,163,194,201,628,498,159,577,434,261,599
CCATCGAATC;25,664
ATCTGTCTCT;490,56,84,340,443,664
AAGCCTTTGG;502,450,420,119,177,661,334,654,274,361,139,504,109,233,253,633,481,242,501
CCTGGGTCGT;549,636,671,42,694,206
GCTGGACGAA;50,375,63,185
CACTCTTCGC;275,23,597,369,432
GAGGAACCCC;250,81,503,635,189,426
AAATCGCGAG;685,331,205,591,210,8,530,399,232
GGAAAGTCGC;223,429,472,179,227,490,32,446,174,504,116
ACGCAAAAAT;558,162,604,512,106,67,583
CAGGGCCCGC;202,113,514,336,66,611,162
GGCGAGCAAC;434,174
CCAAGATACG;668,474
GTCTGACAAG;289,431
CAAAAGAACT;199,248
GCCATAGTTA;290,472,291,542,565,478,664,51,361,570,537,275,615
TAGTTAATTT;541,469,317,369
CCATACTTCG;590,123,328,492,266,134
GAAGAATGTC;99
GCGGGGGATT;208
CCAGAATGTA;698,513,266,243,176,416,301,624,177,190,111,55,618
CGTATGCAAA;92,568,666,542,48
CTGAAATGGA;411,114,589,184,98,503,449,2,154,137,564
TCTCATGGTC;678,95,203,635,667,671,415,639
GAGTCGCATA;57,585,653,276
ACGTGAAGTT;36,615
GCTGGTTATC;451,310,408,654
TAGGCTTCGA;624,683
GTTGCCAAAC;688
GATGTTCAAC;457,139,203
TTCGGTATCC;652,208,134,125,283
GCAAAAAATC;661,494,555,7,647,151,70,614,412,393,639,315,577,38,144,352,546
TCGGTGAACC;638,329
CTCTTGGTTG;344,117,369,664
GCCATGACGG;180,605
CATGTCGAAA;103,120,27,242,509,272,116,34,347
ATCGACCGGC;388,242,248,177,494,111
CTCAAAGCAC;42,124,643
GAGATTTTCT;509,114,545,11,329,376,651,414,245,514,627,48
TACTACACTC;660,218,76,42,171,171,220,596,433
TCTCCACGTG;0,658,63,503,25,51
TAATATTTCA;416,659,119,410,334
GATACACGCC;231,556,426,361,526,595
TGGGATGGTG;685
ACTAACCTTT;478,280,413
TGGCCCGGGA;635,393,245,222
GAAGTGGGCG;203,229,43,490,110,57,209,335,430,458,116,503,626,239,64,130,591,425
CACTCCACCT;456
AGAAGACCAT;663,49,46
GATGATCATG;111,345
CCACACCGCC;662
GCTGATATAG;339,2,265,322,313,37
ATCATTGCAG;96
TGGCTGACAT;55,482
TTAGTATTCC;16
TAACAGGGTC;489,653,72,506,88,570
GCCAGGTACG;366,505,185,91
GCCTTCGCTT;42
CGGAATTATT;68,343,0,226,59,185,575,224,220,200,574,473,155,694,294,585,475,411
CGCCCACTCT;552,561,551
CTGTACAGGT;229,427,382,601
TAGATATCTC;11,32,510,34,474,586
CGCTCTTGAT;566,586,611,391
ATCTCCCCTT;342,231,144,311,440,133,155,692,39,141
CTGGTCCTAT;235,215,79,137,282
GGCGAAGTAG;387,333,499,443,192,478,291
AATATAAAAG;439,205
CCGATTATAC;571
ACAAAGGTCG;618,134,72,659,574,653,368,101,366,335,156,49,384,392,53,573,191
GACCAGTCCT;297,533,233,87,462,480
CAGGGGGTCC;68,691,561,256,481,209,385,526,682,234,303
CGGCATTTGT;411,488,391
CCGGACCGAT;426,630,219,381,358,169,195,403,666,634,563,229,619,608,38,69,158,46
CAATGAGGTT;190,536,483,599,516,674,565,568,84,569,586,178
CGCCCATTTT;64,549,675
GTCTCACCAC;580,240,589,365,254,693,329,689,465,54,618,291,642,78
CCATTAGAAC;84,350,331
GCCAATCCGG;240,293,119
TGATGGTGGG;649,639,410,23,96,39,639
CCGTCCTATC;696,375,606,570,474,197,438
GATACGCAGA;627,531,605,616,187,83,456,437,276,613,158
GTTGGACTAA;32,587,50
TCTCCAAGGC;629,579,217,24,199,545,636,44,20,314,375,498,80,408
GTGCTGCTTT;359,334,67
GGACTATTTA;350,592,127,186,208
GAACCGTCAG;231
GACACTCTAA;423,587,413,588,177,383,252,532,487
CTCGAAGAAC;291,12,459,488
CGCCCCCCTC;4,623,631,26,552,235,595,273,504,181
CCCAGTAGTG;573
CAGGTAATAC;33,556,670,670
CTAATTGAAG;611,699,233,229,343,33,506,500,127,610,12,414,461,481,240
GCATGCTCTT;672,199,686,50,570,580,468,193,139,320,387,70,537,621,599,594,201,451,641,295
TGACCCCCGC;468
CCGTAGTCTG;667,4,429,82,573,80,391,648,268,637,239,337,547
GTGAATTCCC;491,29,604,101,310,680,470,664,476,61
TCCCCGACTT;665,546,694,364,539,441,659,102,587,94,11,389
GGGCAACACC;600,626,95,557,622,7,7
GACACTTGCT;695,540
CTGAAAGCTA;483,550,331,553
GAATTGGGAA;111,605,678,484,26,659,63,698,189,315
AGCGTCTACT;64,245,43,346,226
TCCTAAATCA;133,213,137
CCTACATGTC;538,255,243,174,315,455,133
TAATAGTTAA;192,459
ATTAGAGCCG;382
AGAACCTTGA;41,699,617,265,487,124
TCGCCTCATC;631,527,593,131,557,111,528,479,90,32,691,135,126,328
AAATTGTTCG;367,357,666,72,509,502,63,477
TCCCTGTGCA;475,377,343,251,260,219
GGGCACATCG;396,189,303,102,662,300,43,142,687,372,563,577,106,318,544,14,0,181,169,29,39,80,396,283
AACGTCCACT;174,553,276,321,371
AATCAAGTAA;698
GTTCGCACTG;298,459,607
TCTATCAGGG;201,508,404,316,456,138,159,670,404,379,37,283,25,515,27,397,394,119,592,365
AGAGGGTACC;675,357,699,67,357,254,236,299,381,60
GCGCGTTAGT;63,247,49,94,250,622,633,539,523
TTGCGGCTCC;209,432,101,401,191,56,23
GTTGGGAAGT;677,377,408,251,416,58,294,490,672,38,360,134,20,265,276,641,474
GGGGGCGGCG;334,90,67,196,363,501,64,105,556
TTTGCCGAAT;67,681
GACTCGTTAG;187,12,354,501,289,230,138,24,540,374,402,196,438,384,617,524,379,80,63,496,284,359,71,412,300,652,204,664,122,147
AGGCCTATGA;235,222,548,323,251,18,476,407
ACTCCTCTAG;414,38,404,376,267,275,581,361,578,270,548,113,507,517,323,424
CCGCTCCAAA;293
GTGGAATGAC;587,163,438
TCACTGGTTC;304,507,545,135,6,400,185,313,633,369,26,195,173,368,19,604
AAGGAACATT;371,546,612,613,23,624,195,187,696
GGTCTCTCAT;276,382,96,69
GTCGTCATAT;572,376
TAAGATTATT;225,404,543,637
ATTGAAACGA;378,657
AAACCGCCGT;618,687,137,95,691,250,513,15
TATAGCCATC;308,19,356,25,662,31,659,610,573,84
CACTGTGAAG;357,40
TTAACGCCCC;477,671,244
CGTATATATC;684,324,95,289,72,72
GAGCCGCATG;42,109,229,541,558,598,18,152,438,487,252,164,478,461,335,186,609,83,339,318
TCTATGTTTT;29,206,15,214,176,26,605,318,160,328,119,465,668,263,30,554
GTCGAACACC;210,138,189,311
GGCCTTAGTT;201
CTGTGTGGCT;653
GGTATGAAAA;109,466
TTTACGGAGC;185,512,439,95,467,694,278,272,118,442,662,616,440
AAGGAATTAC;29,604,304,437,511,316,625,137,508,693,127,127,680
GGTCGACATT;305,375
CGAAGGATTT;545,305,650,20
CGTTCCACTC;200,408,134,253,409,415,292
AGTTTGGCGT;135,602,7,620,629
ATCGCAAGAG;371,112,260,221,14,376
AGTACTGTGC;390
TCTTAAATAC;593
AGGCAACGGT;427,177,134
AACGGGAGTC;287
GATTCAGTTA;33,152,662,203,250,674,126,413,501,579,259,404,473,461,470,653,543
CGCCGTCAAG;290,284,471
CACTGGTGCG;77,327,132,64,346,117,416,45
GAGGGGCGTT;492,133,169,202,81,15,64,326,674,606,648,364
CAGCGGCAGT;357,333,355,128,69,426,293,417,317,73,337,467,61,317,299,480
AAAAAACCCG;404,584,273,87,559,52
GGTAGCCATA;79,297,218,596,501
GCGTACTTTT;573
CAGATAGGAG;59,256
CTTTTGGTCC;453,298,553,521,522,334,664,346,58,407,522,484,445,256
TCTAGGCTTC;204,690,472,369,549,321,386,169,177,375,421,509,484,552,379,457,329,254,247,152,527,612,691
AGTCCCTAAC;207,371
CTGCGCGTGC;668,162,417,461,18,358,659,209,430,669,357,476
TACACCGTTC;142,324,274,188,460,39,88,95,571,399,245,484,295,451
CTTACACGTG;359,324,308,452,487,115,193,552,347,332,480,327,450,259,511,314,38,642,346,626,209,509,248
CTCGAAGTGT;366,362,381,628,385,617,644,226,634
ATATGTTCGG;668,590,283,342,413,563,121,437,37,500,694,375,70,332
CAGTCGCTTC;28,476,256,556
TTTTTCCCAC;530,574,291,153,547,224,248,229,628,263,508,177,660,246,436,319,360,279,606,33,543
GTGGATCCCC;385,642,483,78,482,28,95,169
CCTTAGGGTG;676,548,393,88,375,236,118,232,103,30
TTTATTCTTG;138,204,491,197,686,399,635,68,403,679,248,431,654,339,376,548
TACCTCCGAA;154,517
CACTCGCCCG;551,552,2
AGGCCCGGGC;649,242,392,144,490
AAAACATCTT;686
GTCCTCTCCG;264,671,672,580,33,243,313,27
GCAGTTGGGT;535,63,351,320,41,388,290,394,166,338
GAGCTTACAC;171,279,611,439,529,147
GCCGGCGGAT;357
GCAAAACATC;293,694,349,139,162,567,113
GTCTCGGCCC;143,24,607,92,153,197
CAGACGATGC;261,689
TAGCATATTA;316,18,414,262,71
GCAGTACTAA;159,315,265,430,356,229,109
TAACAGAAGT;22,137,162,240,396
TGGTGGAAAG;642,675,411,278,301,676,57,164,671,413,59
CGAACAGGCG;84,93,473,88,373,651,110
GCGAATCATT;611,168,98
TAGTTCTGCG;419,32,534,537,325,131,289,567,223,282
ATGTTAGCCA;470,223,665,209,250,61,627,323,231,35
TCCCACGGTT;142,69,307,276,207,296,7
AATCAGTCAG;586,373,662,51,14,125,439,271,125,445,566,272,399,440
GTGGGTAACG;151,221,592,562,305
CAGAGAGACG;354,146,7
TGTGCGAATG;334,375,300,157,696,237,107,484,524,1,572
TTGAGTAAGA;389
TGGACGCGAT;361,498,502,653,283,245,217,237,324,613,512,662
ACTCGCCGAC;274,615,277,366
TGCCAGAAAT;307,287,358
CCCATACGAA;39,402,402,526,310,603,327
CCCATAACCT;197,378,129,36
ACAAACCGTA;638,181,450,154,95
ACTCGATGAG;255
CCCTGCAAGG;61,106,132
TGACCGGAAA;221,31
AGTGAGAACA;152,535
ATGAATGAGC;678,241,169,440
TAAGAATACC;417
ATATACTAGC;374,81,629,505
CTTCCTGCGG;187,592,93,69,304,629,663,16,321,354,335,279,412,116,174,552,315,69,379,376,173
TTCGTCAACA;311,74,271,54,228,259
GTCACGACCG;290,155,351,630,291,143,9,173,126,389,71,521,528,53,504
GCCCCCCAGC;334,120,380,391,228,93,395,0,661,660,110,368,407
AACACTAGTT;525,625,226,89,309,625,324,424
CCGTAAAGGG;423
GTGGATACGG;415,419,86,177,85,334,362
CCACGCCATC;226,264,61
AAAGGTAGAC;356,503,668,626,499,682,454,691,545
GCGTTCTATA;109,464,374,394,558,341,412,324,457
TCTCTAACCG;589,544,630,405,134,497,221,546,159,254,175,350,93
GTATAATGAA;693,439,352,176,39,652,362,245,330
GTCGGGGAAT;536
AGTCTTTCGA;530,478,601,229,333,460,320,327,97,31,227,122,112,480,673,344,512,205,185,605,2,174,225,529,506,76,698,250,445,173
ACGGACGCTC;404
CAAGCAATCA;542,172,273,136,495
CAACCTGTCG;193
GCTAAACTGT;548,27,267,67,360,99,278,407,333,681,517
GCTTAGTCAA;415,332,41,158,263,151,445,654,4,222,410,563,625,472,466,620,171,648,207,295,362
GTCGGAGGTG;144,203,317,184,126,405,502
TCATCGATTA;301,628,557
ACAACAGAGT;320,362,61
GATAAGCAAT;116,598,81,408,43,97
TGTACCATCT;475,139,501,8
TGAAAACGCC;135,608,153,190,164
AGGCGTAAAC;429,506,510,97,237,443
AAATCCATAC;101,301,485,326,240,695,425,306,97,575,343,350,582,133,347,611
TGAGGGAGGC;614
GCAATATCTG;243,292,399,599,99,199,525,458
GTGTTCCCAT;159,589
TTTGCACTGG;327,195,113,497,543,216
GTTGATTATC;207,194,427,533,623,316
TATCAGTGGC;259,564,353,368,14,370,341,103,283,48,463,1,653,173,368,556,381,494,426,496,467,86,697,134,291,47,223,466
GCCCAGCAGG;46,644,277,581,527,40,645,194
GTTTCAAGTG;223,455,57,542,144,552,466
CGACGAAGAC;28,457,617
TCGGCTCGAA;432,498,185,210
GCTCCAGTAC;259,288,30,568,294,304,428
AGTCTGAGCG;287,358,309,597,438,231,354,21,21,225
GCAAAAAATT;488,136,273,658,183,500
GAGGTTTCTA;670,409,690,644,270,178,234,287,247,670,576,217
AATGATCTGA;568,92,349,534,362,677,313,259
GCGGCACCCG;151,647,20,278,351,285,242,360,170,24,550
TCGAGGGAAG;648,33
CAATTGGCAA;473,89,29,575,609,315,286,351,134
CCCATTGGTC;427,163,656,291,220,0,470,328,441,296,569,693,172,573,275,344
TATCGACGTA;246,345
TTCGAGAATG;436,405,597,294,107,351,556,411,615,686,427
TCAATTTAGA;323,234,328,273,436,179,81,653,182
CTCATATGCG;309,333,323,398,403,98,134
GCGCGCAGGG;392,325
TATTCTAACC;394,208,228,418
TGTATATTTG;436,437,332,454,491,221,560,598,133
CGTTTCATTA;147
CGTCCAGCTC;573,177,117
TTGAGGGGCC;328
GACCGACCCG;28,571,303,364,314,29
GTTTACGGAA;543,467
CGCCGTGACC;107,357,508,514
GCGATATATT;545,61,632,167,139,111,582,300,430,158,565,52
CGGTGTATGG;635,534
CATAACCTGT;174,173,481,81,275,376,469,154,262,694,342,51,298
GCCCGTCATG;594,263,673,525,392,13,315,660,48,412,558,284,493,553,87,627,438,406,364,674,516,461,519,259,201,688,659,437,22,654,395,267,50,94,407,491,526,215
CCTATTCGAC;380,567,568,159,240,445,531,421
TCCAGAACGA;239
TCAGATCTAC;530,555,387,45
TCAGTAGTTA;89,407
TAGTACTACC;119,99,276,222,580,371,122,501,339
CCGTATGCGT;37,7,636,209,395,594,598
TGCATTATAG;0,472,458
AGCACTGCAC;303,102,426,304,591,674
TTCCGGAAAG;99,284,513
ATCGTGACTC;623,253,595,107,335,525,647
GCGCTATCTC;692,145,451,9,136,622,219,670
TCGGTTGCTT;646,237,560,447
CAGTAGAGAA;74,657,64
CAGCGGCGGA;234,531,135,671,52,142,350,570
AGCGTTCAAT;608,23,671,684,479,231,483,121,605,168,320,522
CTTATTAATA;237,129,480,297,241,97,690
TTCCCCCCCG;561,107,491,204,172,154,604,685,222,23,176
TAGTGTTCGC;365,514
TCCATGTAGG;131,275,613,636,553,648,201,375,112,23
CAGGACGCTA;634,128,1,579,556,693,91,634
CTGCCAAGAA;214,39,550
TGACGCGCTG;124,460,0,601,391,679,441,405,461,242,414,349
TCAGTGATAC;62,260,319,215,330,190,111,569
ATATAGGTTT;511,463,622,34,222
CCCCGAGATG;214,61
TGTGGAAGTT;627,289,596,111,33
CCAAGCATGC;399,667,15,172
CGCTAGTATG;79,149,71,458,177,28
CGCTGTCCCG;678
GTCTCCCCCA;535,678,65,464,209,581
CTGGGGGAGA;271,80,323,224
CAACAGCCCC;217
TTTGCCGTAG;112,597,504,49,316
CTACTGAATT;630,267,567,512,534,661,681,487,328,51,279,253,113,337,3,186,344,216,179
TTGAGCACGA;343,688,39,645,619,544,384,83,631,670,435,510,123
GCGGAATGGA;198,613
TACCCATCAC;132
AAATAGACAA;502
AATGTCTCTA;392
CATCAAGCCG;461,3,296,262,59,651,339,579,323,432
ATAGAACCAT;98
CTACAGCAAG;144,687,499,82,483,501,81
ACGCTTGTCA;129,116
AGCATTGTTG;341,469,174,610
CAAGTTAGCA;370,225,686,31
TGATGTATGC;357,475,605,604,679,303,516,313,454,54,62,549,612
TCGGCACGAC;328,19,310,0,334,283,428,670,375
CAGTCCGTAG;479,463,49,427,592,675,243,693,644
CCAGTAGTTT;233
CTCTTATTCC;111,502
GTTCGAGTTA;456
TCGTCATGCC;365,169,96,411,596,106
TGTCAGTCTA;119,371,460,88,507,484,638,346,405
TAGCGTGGGC;361,267
TCGGTCCGTT;119,44,53
ACGCCTATTG;93,131,526,663,606,96,18,220,277,415
TAAGACGTCC;622,86,12,291,584,265,619,387,119,363,584,378,370,470,80
GCACCCCCGT;433,258,569,606,18,242,580,302,298,120
ATGTCCCTCG;550,477,610,66,315,354,383,653,500,106,352,303,285,462,470,516,77,534,98
ACGTTTTCGC;144
CCCTCAGGTA;618,550,298,178,483,277,314,559,473,395,606
AATTATGCGC;467,209,159,31,185,359,288,130,249,20
TTAAGCGAGC;695,119,690,529,184
ATTCTACATA;130,334,401,95,306,684,105,126,161,278,1,570,74,17
GCACGATGGT;234,230,587
CGGTGCGCGC;573,5,4,497,308,372,290,592,345,430,252,692
CGTACTTACC;99,474,182,88,207,231,215,624,108,106,431,256,231,679,229,186,587,456,228
AAGAGCTAGG;644,11,507,377,114,160,354
GACTGTTAAC;550,46
AATTATACTG;200
AATCTGCTTC;218,397
TAGATGCCGG;568,253,168,270
TGCTCATGCG;452,219,298
ATTATACAGG;27,272,68,444,586,68,14,85,206,475,495
TAGGGGATGA;211,653,565
ATGGTTTGTT;594,270,644,93,648,562,353,322,683,622,238,110,331,433,263,650
ATGCTAGCCC;258,306,271,676,680,376,302,97,690,201,357,510,323,470,9,240,553,556,536,338,106,237,464,612,578,149,556,1,457,406,614,564,493
ATTCGAGAAC;14,378,234,297,515,613
TCGTGATTGC;460,200
CCAATTCATA;10,375
GCATAATGTT;668,270,481
ATTCCGGGTG;657,570
TAGCGAAGTT;421,556,527,326
GTTGCTGACA;107,198,408,606,289,526,621,315,91,200,33,504,283,193,669,228
AATATGTGAG;189,398,543,618,166
GCCGGCCAGA;271,345,663,349,274,367,661,563,285,476,425,556
CGCTGTCCCA;694,523,127,439
GCGTACCAAG;105,522,299,283,462
GTTCGATAAT;420,147,548,646,190
TACTTTTAGA;57,529,590
ATTAAGTGCG;687,696,337,0,695,448,376,567,375,11,587,487,500,565,345,249
CAAGTCACCT;298,257,40,147,663,34,269,290,131
CGAATAAGTA;209,315,202,277,353,561
GTGTCTACAT;511,208,696,390,623,16,331,251
GAACTCGGTG;220,466
GTTTAACACA;516,552,564,540,569,447,487,664,475,84,431
TTGTTACGGC;219
CCCGCTTGTC;232,554,313,463,195,2,232,46,287,272,5,440,643,205
CTACCTTCCA;509,2,282,471,61,327
GCATAGAGGT;258,148,469,485,393,510,163
GTTCGCCATG;666,652
GTATCGTTAG;24
GTCAGCTTCG;173,370
TCGGGTATAA;531,169,507,213
TGTGCCTGGG;116,223,548,44,381,178,541,153,513,11,593,239,383
CGCTGAGAAC;340,320,696,310,74,98,551
GATGCATGTA;525,427,20,65
TGGCATTCAT;340,579,287,429,118,112
TCCCCCTAGT;529,270,526,54,315,47,15,96,454,611,7,541,110,480,651,173
GCGTATTTCA;516,107,205,301,147,585,349,0
ACTACGTCAC;481,352,225,472,663,574,288,301,138,580,435,651,644,234,276,494,132,595,472
GCCAGAGGCA;411
GTCTAGAAGG;193,600,7,273,167,532,606,495,230,237,241,359,475,8,699,216,22,643,336,98,634,592,143,640,89
GCATAGTCGA;373,127,647,223,381,319,641,538,592,233,36,572
CCGGTGTGTG;4,170,318,645
GGGGCTCGGA;176,265,74,418,111,3,384
TAGAGCATGC;470,647,523,606
TCTGCCCCGA;214,167
AATGCATCGT;291
GGTGATTTTA;212,386,93
TCAGCAAGGC;104,315,414,205,584,90,110,183,347,473,349,628,245,467,392,440,31,455
CGTAATGGTG;130,290,595,264,64,646,514,414,254,415,291,80,110,79,144,395,304,348
ATCCGCAACT;427,440
TTTCTGTGCG;152,597
CAGATGATGT;77,19,89,423
GTTGACTTAC;312,293,449,452,540,163,484,361,336,59,112,260,223
ATGACTGTAA;412,512,480,6,471,631,36,625,624,75,688
GGTAATTACC;669,531,17,359,39,578,212
GCAAACACTA;323,309,566,597,169,90,192,424,389,185,31,398,220,474
CTATGTAACA;551,97,683
ACAAGTTGAG;676,527
CAGGTGAGCG;295,556,573,564,60,363,89,31,352,247,404,66,301
AATATAATTT;576,354
TGGGCCAGTG;53
GCTCGTGTGT;459,381,472,174,693,491,692,110,218,26,602
ACATTTTGGA;143,95,8,514,442,77,541,92,58,181
GCAGTCGTAG;382,382,593,310,45,543,389,672,97
GATGACGGTT;627,266,101,49,239,630,309,0,537,128
AACGTTTCTA;647,534,321,404,335,630,666,308,241,279,534,459,627,364,627
GCTTCGGCCA;578,643
GTAAAGAGAT;323,372,167,418,189,408,78,369,696,367
GATTTTTCCC;193,95,213,423,637,677,462,385,178,246,2,432,540,42,74,110,277,441,185
TTAAGTGTTG;553,544,520,332,410,596
AGTTGGGCCA;327,619,403,302,611,308
AATAGTCTTG;378,575,659,374,259,118,248,95,255,412
CGGTACATAG;677
GTGGAATCTA;26,488,213,390,157,637
GCTTCTCAAT;689,401,141,347,67
CATCTACTGT;88,681,221,509,52
ATTGAAAATA;646,600,339,478,577,456,369,138,561,614,114,115,692,63,442,271,466,459
TTAGAGGGGA;297,21
CTACACGACC;376,554,244,386,325
AACAACCGTT;543,190,671,633,239
AAACCGCGCA;411,590,34,445,301,456,615,43
TATCCGAGCG;430,66,191,622,296
GCCTTGGGCG;461,291,192,428,331,298
ATCCCCCTGC;593,621,260,471
CCGGGCCGTT;14,384,74,573,68,346,311,285,103,480,569,461
AGTGTTATTG;394,165,208,351
GATTAGCAGG;355,359,381
ATCGGGACGA;477,5,427,434,656,457,679,340,440,514,132,594,243,487,406,125,550,461,332,248,293
AGTTACAGGG;464,254,539,348,531,231,351,537,586,197,529,407,631,123
GACCTACCTG;592,414,399,50
ACTAATGCTC;57,1,251,289,687,666,246,114,486,148,590,696,215,680,74,539,625,152,609,158,635,544,528,370,505,616,649,56,185,319,235,261,688,390,122,487,442
GTCAAGAGGT;176
AATTTCCGAT;571,70,48,50,267,589,112,394,318,69
TCTTGTGAGG;522,393
GGACGGACAG;328,176,268,339,235
GCGACTAACA;205,391
CGTGTAACGG;98,542,553,326,125,211,314,340,248,232,224,219,629,190,26,519,584,458,196,565,647,563,376,212,638,251,397,29,458,245,36,678,355,276,468,208,174,633,497,417,460,462,61
TCAAAAGTGC;588,145,139,644,395,335,20,76,243,126,387,11,502
ATTACTCTCT;493
TACCCACACT;581,30,584,477,517,490,137,125,372,258,587,487,157,63,230,150,232,532,425,33
GTCGGTTAGG;572,305,557,582,491,583,428,344,282,423,637,103,23,119,36,242,73,183,36,343,347,691
GGCATTTTTA;390,359,39
ATTGATTGAC;496,597,562,604,116,640
CGGCGGCCGA;413,629,620,262,36,395,232
ACAGCAATAT;134,71,413
TCTGCGGCAA;315,168,658,662
GGGTTAGGCA;45,186,390,329,458,12,615,482,689,88
CGCGAACAGT;61,415,642,222,273,296,238,476,173,304
GCAGGGTAGG;12,512,244,275,595,258,568,185,102,349,239,407,610,553,16,43,139
CACCAAAGCC;533
GGCGCAGTAG;340,478,274
CCGCGGCCGT;198,428,98,160,330,645,407,241,597,586
CGCTGAGTGT;370,486,36,427,25,94,243,280,221,649
TCCAAACCGT;290,196,277,501,698,622,403
CTGCAGACCC;346,529,561,495,416,638,32,405,63,516,154,363,70,232,40,434,650,575,147
CTACTGCCTA;418,17,526,287,608,91,89
CTAGATGCCG;97,145,415,50,285,383,324,0,171,462,351,394,520
CTGCGCTTCT;564,164,135,23,365,103,356,504,494,225,523
AGAGAAGGGA;328,122,407,277
CCCTACGTAA;547,31,257,289,33,20
TAGACACTAA;342,24,501,222,247,24,590,671,153,552,477,37,254,264,316,392,202,61,234,322,379,599,663,667,85,543,663,175,514,434,174
CAGGTCTGTC;639,586,210,36,567
AAGGCGCCCT;174,646,50,66,295,100,112,123
TTCCTAATGC;100
GCGCGAATTT;242
TTTCTTCATA;608,633,582,468,363,603,463,684,272,621,46,642,255,77,114,387,90,191,102,146,532,207
TGACTTAGTG;31,448,405,62,263
ATAATGGAAA;571,258,549
AGCGGGTGAT;128
ATGTAGATGG;5,141,332,199
TTTTATAAGA;233,285,20,64,234,502,472
GGGGACGGTC;646,243,305,12,659,123,42
CATATTAATC;455,648
ACTCGGGCCT;595,417,184,275,368,473
AGGATTTCAG;307,116,361
CATTACCTCG;619,82,516,578,458,656,79,238
AGGGGAGCCC;440,532,646,322,250,415,30,453,228,519,423,572,545
TGCTATAAGC;201,36,156,467,646,394
GTAAGTAATA;40,90,444
GAGGCGGGCT;677,481
GTGGAATTGA;38
GGCCCGCAAG;74,295,442,79,684,561,620,150,138,248,264,401,678,249,221
GGGGCCCATC;651,410
GAGTCAAGTG;244,504,71,412,133
GACGTAGTGA;387,387,260,665,318,360,258,334,565
CGGCGCTCGC;41,178,197,415,544,100,625,521,474,636,436,56,334
GACTGTGGCA;562,380,239,0,49,29,499,624,409,403,50,488,577,272,654,327,216,130,35,597,287,46,436,612,343,616,141,75,8,404
TTCACTACCT;98,402,527,77,147,412,114,658,67,17,512,245,169,139
ATCGTCGATG;394,469,301,330,666,665,569,552,329
ACGTGTGCTC;667,228,292,43,602,370,513,160
TTCTCTCGAT;33,241,9,377,3,479,465,129,575
CAGCGCGCAC;679,362,233,341,623,251,695,224,314,372,396,251,469
GTAAATATAA;452
CATAAAAGCA;67,118,87,316,424,458,258,672,393,202,425,536
TCTTCTACAC;134,382,163,318,106
TAGCACATCT;648,343,309,431,333,115,185,196,314,473,494,194,67,34,669,148,21,400,248
AGGGAATGGG;424,224,398,66
ATCATAACTA;646,297,479,141,394,74
TTTTCACCCG;95,538,569,49,180,129,229,539,447,694
GAGTCTATTA;7,492,92,506,314,411,367,127,591,566,131,330,258,358,16,311,647,402
TTATTTGCGG;616,264
TACCTTTGCG;478,350,486,434,198
GTCGTAATCT;251,284
CTCTTCCTTC;384,346,82,344,609
CCGCTACCCG;243,502,635,517,339,40,380,130,596,635,129,94,557,479
TTAATGATGC;337,280,20,44,613
CTAGGGGAAA;293,664,204,324
GAAAGATTTG;542,271,97,301,580,28,365,527,490,79,95,426,462,639,666,196,452,526,412,444,478,4,475,49,371,201,439,220,342,433,257,557
CCAGTAAAGA;29,488,155,244,375,453,641,502,436,100,690,683,482,448,411,163,1
CTAGGGCGAG;150,341,351,304,445,178,81,75,699,12,103,43,685,214,288,548,424,254,8,182,7,411
GTACGTGCCA;539,193,89,548
GGAGGACAAT;451,136,614,327,99
CCGCGAGCCC;636,46,113,602,477,8,411,101,604
ACGTCCAATG;403,490,676,378,696,615,449,215,319
CTATGGCTCC;278,527,209,442,104,128,465,598,100,41,422,552
ACTGTTGCGA;427,575,689,82,612,435,37,67
GCCAAGTGTT;568
CTTCATGTAA;159,457,276,670,474,493,691,66,590,85,525,153,348,45,460,68,37,204,581,60,435,124,428,135
CACGGTAGAT;649,542,17,201,57,579,142,587,124,500,584,487,248,541,239,139,260,259,623,328,425,123,345,586
CTCTGGACAA;43
CCGCAATATC;652,215,460,526
AAACGAAAGC;449,387,251,140,470,287,589,127,669,156,151
AGGGGACCCC;301,122,698,230,343,41,502,57,459,654,211,512
CAGGCTGAAC;214,614
TACCATTTGT;178,494,190,411,600,289,146,521,485,604,87,632,459
GCCGCCCACC;84,284,411,596,408
AATAAAGCAA;553,198
CGCTTATTAA;570,33,439,44,492,403,176,132,210,341,324,89,108,424,172,441,373,575,12,550,449,232,356,691,98,134,203
CCAGCCGGAG;366,42,540
GTAAAGACTG;502,401
TATCTGGCGA;243,412,12,637,427,687,537
TTCTTCACGG;662,533,533,489
ATGGCTCACT;183,138,238,409,514
GTTTCCTTAC;443,182,145,317,482,25,466,369,636,381,697,63,550
CCGCGGGTTG;36,636,123,4,352,359
GCGTCGGTGG;638,274,629,26,26,377,77,261,299,325,449,281,456,256,467,346,58
AGTTATCGTC;421,7,216,144,201,507,368,23,559
TGATGCGTCT;394,97,212
TCCGTGTTAA;446,218,129,211,6,426,581,617,244
TGGACATACT;514,140,54,60,365,164,354,170,66,51,102,90,291,108,226,149,414,555,158,318,543,131
CGGGTACACC;591,687
CCCATCCGCC;58,373,69
AAGTGTGGGA;578,269,434,274
TATAGAGGAT;617
AACCCAACAT;568,460,452,626,529,530,305,37
CGTGATTTCC;367,314,345,13,588,408,644,645,317,114,411,627,521,544,387,591,468,536
GGCAGGGAAC;619,121,471,269,572
CCCAATGCGT;10,121,415,612
GTCATAGGTC;391
CCATTGATTC;42
AAGTCTCAAG;127,611,188,449,79,314,364,609
ATCAACCCGT;337,517,59,329,224,275,5,474,575,530,80,564,679,82,77,624,98,250,514,456,94
GTTCACTGCT;403,136,340,28
ATGCGTAATA;521,555,527,368,504,341
ATGTCGGGAG;285,114,476,613,317,119,64,247,441,299,408,337,85,326,626,520,67,475,498,671,520,596,681,84,92,126,695,348,476
GAAAAGCCAC;8,437,8,0,365,78
TCTTTGAGTT;243,606,53
TTAGGATATG;289,674,430,276,598,243,318,490,377,15
GCGAACGATT;33,554,686,288,327,378,96,636,607,303,582,203
CCCGTTGCGT;387,649,13
AAAAACCTTT;439,595,48,502,310
AAAGATGTAG;76,667,38,509,138,548
TCGGAACCAA;61,148,303
TCACGATTTT;562,14,471,392,197,486,436,451,275,28,376,228,200,277,635,525,86,624,395,573,443,638,175,305,473,66,83,375,184,611,83
GTCCTAATGA;33,51,38
GGGGTAGCTC;373
ATTTAGCGCT;153,205
ACCGCTGATA;387,16,281
CTGTAGCCCG;290,439,310,176,468,508,428,48,289,68,581,359,176,545,334,401,544,151,570,276,482,17,79,205,671,248,62,610
GGCTTTTGAA;229,78,49,584
TATGGAGGAA;333,171,542,321,476,43,646,252,502,46,504,278,458,4,174,387,77,372,236,41,17
TCGATGACTA;580,339,574,234
AGTATCGAAG;608,407
GATATTGGGG;565,297,53,306,511,395,340
CGATTGTTAC;378
GGGGAGTAGG;621,293
TTTGAATGAG;38
CGACCCCGGC;117
AATGCGCGCC;609,284,36,488,67,579,564,204,138,580,672,313,309,416
GGCCATGAAG;558,447,187,151,409,132,328,24,148,198,260,105,656,24
CAGACGAAAC;599,30,247
GTGTCAGCGG;294
TCACGCTCCT;307,529,55
GTCACATCCG;330,318,24,134,21,580,465,438,452,141,524,621,422,194,218,159,496,73,180,179,580,643
GGGGTCCTCG;557,52,490,260,56,554,538,519,165,488,547,117,513,100,387,545,124,125,657,339
CGTACATAAC;649,266,416,380,279,237,44
GGAGAATGTC;130,486,207,289
ACGAGGCACC;286,209,501
ATAGCATCGT;674,208,407,30,228,280,380,115,429,165,258,101,613
TAATCTAGCG;256,694
TCGTGGGTCC;51,138,396
GAGACGTAGG;325,26,600,655,521
ATTTGTCTGA;363,193,520,559,479
GGAAAACGAC;620,366,76,170,602,55,25,511,473
TCGTCGCACT;78,223,351,174,523,240,103,653,69,79,194,118,112,406,680,398,628,338,499,73,99,654,406,298,144
ATAGCTTACT;464,345,18,634
GAACCATCCA;549,552,220,421,339,439,189,467,608,441,266
CTAGAATGGA;290
TGGCGGTCTC;403
GTGACGGGCC;357,588,16,203,49,214,596,268,504,291,415
TGGACTAAAT;504,468,699,241,554,44,624,455,324
AGGCGAGGTA;33,301,114,362,167
GGATCTCATT;242,603,455,71,460
GGCCTTCGAT;489,340,697,697,6,659
AGCCCTCTTC;478
TAGTTGCTTA;453,486,228,460
CCTCCTAGTG;14
ACAGGCTCCG;626
GCGAGCACAA;570,398,493,527,489,219,548,266,366,617,262,309,611,672,425,95,698,598,82
AGATCGCCGT;496,391,241,57,317,220,376,59,484,485,23,163,247,411,321,242,217,91
TAGGAGAGCG;589,657,423,616,584,560,497,91,419,569,557,133
CAAGTATCAA;349,164,219,377,685
CCAAAGCAAT;173,678,504
AGGCAGTTTC;74,55,199
TCGGGAAATA;17
ATGCGTGGGC;574,543,547,51,697,32,647,406,634,332,170,58,648,54,412,571
ATTAGGCATC;601,206,509,98
CCTTGAAGTA;535,618,210,583,201,356,362,535,357,412,522
ACTCACGTCC;489,607,15,457,660,253,326,32,262,576
AGAGTGGTTT;513,361
TTCGTCGAGG;358
CTAAAGAGTT;108,684,603,338,404,586,441
TGGGGCCCCA;626,376,67,84,332
CACATCTAAC;360,224,264,474,643,394,387,629,645
AGATATCTGT;271,7,349
CACGCATGAC;359,611
CTTCAAAGTA;12,532,571,416,190,344,269,440,252
TATTCTTTTC;39,108,538,30,329
ATCCACGGCG;570,410,549,271,557,379
AGAACGTTAG;1,321,265,527
GCCCATTCAC;328,405
GAGACAGGCT;52,632,441,178,342,366,41
